Time(ms),Temp1,Temp2,Temp3,Temp4,Temp5,Ambient
5344,22.75,21.29,21.29,20.80,20.80,21.29
5450,22.75,21.29,20.80,20.80,20.80,21.29
5558,22.75,21.29,20.80,20.80,20.80,21.29
5664,22.75,21.29,20.80,20.80,20.80,21.29
5771,22.75,21.29,20.80,20.80,20.80,21.29
5877,22.75,21.29,20.80,20.80,20.80,21.78
5985,22.75,21.29,20.80,20.80,20.80,21.29
6091,22.75,21.29,20.80,20.80,20.80,21.29
6198,22.75,21.29,21.29,20.80,20.80,21.29
6304,22.75,21.29,20.80,20.80,20.80,21.78
6412,22.75,21.29,21.29,20.80,20.80,21.29
6518,22.75,21.29,20.80,20.80,20.80,21.29
6642,22.75,21.29,21.29,20.80,20.80,21.29
6749,22.75,21.29,21.29,20.80,20.80,21.29
6855,22.75,21.29,20.80,20.80,20.80,21.29
6963,22.75,21.29,20.80,20.80,20.80,21.29
7069,22.75,21.29,20.80,20.80,20.80,21.29
7176,22.75,21.29,20.80,20.80,20.80,21.29
7282,22.75,21.29,20.80,20.80,20.80,21.29
7390,22.75,21.29,20.80,20.80,20.80,21.29
7496,22.75,21.29,20.80,20.80,20.80,21.29
7603,22.75,21.29,20.80,20.80,20.80,21.29
7709,22.75,21.29,20.80,20.80,20.80,21.29
7816,22.75,21.29,20.80,20.80,20.80,21.29
7927,22.75,21.29,21.29,20.80,20.80,21.29
8034,22.75,21.29,20.80,20.80,20.80,21.29
8140,22.75,21.29,20.80,20.80,20.80,21.78
8247,22.75,21.29,21.29,20.80,20.80,21.29
8354,22.75,21.29,21.29,20.80,20.80,21.29
8461,22.75,21.29,20.80,20.80,20.80,21.29
8567,22.75,21.29,20.80,20.80,20.80,21.29
8674,22.75,21.29,21.29,20.80,20.80,21.29
8781,22.75,21.29,20.80,20.80,20.80,21.29
8888,22.75,21.29,20.80,20.80,20.80,21.29
8994,22.75,21.29,21.29,20.80,20.80,21.29
9101,22.75,21.29,20.80,20.80,20.80,21.29
9211,22.75,21.29,20.80,20.80,20.80,21.78
9319,22.75,21.29,21.29,20.80,20.80,21.29
9425,22.75,21.29,21.29,20.80,20.80,21.29
9532,22.75,21.29,21.29,20.80,20.80,21.29
9638,22.75,21.29,21.29,20.80,20.80,21.29
9746,22.75,21.29,20.80,20.80,20.80,21.29
9852,22.75,21.29,20.80,20.80,20.80,21.29
9959,22.75,21.29,21.29,20.80,20.80,21.29
10065,22.75,21.29,20.80,20.80,20.80,21.29
10173,22.75,21.29,21.29,20.80,20.80,21.29
10279,22.75,21.29,20.80,20.80,20.80,21.29
10386,22.75,21.29,20.80,20.80,20.80,21.29
10497,22.75,21.29,21.29,20.80,20.80,21.29
10604,22.75,21.29,21.29,20.80,20.80,21.29
10711,22.75,21.29,21.29,20.80,20.80,21.29
10817,22.75,21.29,21.29,20.80,20.80,21.29
10925,22.75,21.29,20.80,20.80,20.80,21.29
11031,22.75,21.29,21.29,20.80,20.80,21.29
11138,22.75,21.29,21.29,20.80,20.80,21.29
11244,22.75,21.29,20.80,20.80,20.80,21.29
11352,22.75,21.29,20.80,20.80,20.80,21.29
11458,22.75,21.29,20.80,20.80,20.80,21.29
11565,22.75,21.29,21.29,20.80,20.80,21.29
11672,23.24,21.29,21.29,20.80,20.80,21.29
11783,23.24,21.29,21.29,20.80,20.80,21.29
11889,23.24,21.29,21.29,20.80,20.80,21.29
11996,23.24,21.29,20.80,20.80,20.80,21.29
12103,23.24,21.29,20.80,20.80,20.80,21.29
12210,23.24,21.29,20.80,20.80,20.80,21.29
12316,23.24,21.29,21.29,20.80,20.80,21.29
12423,23.24,21.29,20.80,20.80,20.80,21.29
12530,23.24,21.29,21.29,20.80,20.80,21.29
12637,23.24,21.29,21.29,20.80,20.80,21.29
12743,23.24,21.29,21.29,20.80,20.80,21.29
12851,23.24,21.29,20.80,20.80,20.80,21.29
12957,23.24,21.29,21.29,20.80,20.80,21.29
13068,23.24,21.29,21.29,20.80,20.80,21.29
13174,23.24,21.29,21.29,20.80,20.80,21.29
13282,23.24,21.29,21.29,20.80,20.80,21.29
13388,23.24,21.29,21.29,20.80,20.80,21.29
13495,23.24,21.29,21.29,20.80,20.80,21.29
13602,23.24,21.29,20.80,20.80,20.80,21.29
13709,23.24,21.29,20.80,20.80,20.80,21.29
13815,23.24,21.29,20.80,20.80,20.80,21.29
13922,23.24,21.29,20.80,20.80,20.80,21.29
14029,23.24,21.29,21.29,20.80,20.80,21.29
14136,23.24,21.29,21.29,20.80,20.80,21.29
14242,23.24,21.29,20.80,20.80,20.80,21.29
14353,23.24,21.29,20.80,20.80,20.80,21.78
14460,23.24,21.29,21.29,20.80,20.80,21.29
14567,23.24,21.29,20.80,20.80,20.80,21.29
14673,23.24,21.29,20.80,20.80,20.80,21.29
14781,23.24,21.29,20.80,20.80,20.80,21.29
14887,23.24,21.29,21.29,20.80,20.80,21.29
14994,23.24,21.29,21.29,20.80,20.80,21.29
15100,23.24,21.29,21.29,20.80,20.80,21.29
15208,23.24,21.29,21.29,20.80,20.80,21.29
15314,23.24,21.29,21.29,20.80,20.80,21.29
15421,23.24,21.29,20.80,20.80,20.80,21.29
15528,23.24,21.29,20.80,20.80,20.80,21.29
15639,23.24,21.29,21.29,20.80,20.80,21.29
15746,23.24,21.29,20.80,20.80,20.80,21.78
15852,23.24,21.29,21.29,20.80,20.80,21.29
15960,23.73,21.29,21.29,20.80,20.80,21.29
16066,23.73,21.29,21.29,20.80,20.80,21.29
16173,23.24,21.29,21.29,20.80,20.80,21.29
16279,23.24,21.29,20.80,20.80,20.80,21.29
16387,23.73,21.29,21.29,20.80,20.80,21.29
16493,23.24,21.29,20.80,20.80,20.80,21.29
16600,23.73,21.29,21.29,20.80,20.80,21.29
16707,23.73,21.29,21.29,20.80,20.80,21.29
16814,23.73,21.29,21.29,20.80,20.80,21.29
16924,23.73,21.29,21.29,20.80,20.80,21.29
17031,23.73,21.29,21.29,20.80,20.80,21.29
17138,23.73,21.29,20.80,20.80,21.29,21.29
17245,23.73,21.29,20.80,20.80,20.80,21.29
17351,23.73,21.29,20.80,20.80,20.80,21.29
17459,23.73,21.29,21.29,20.80,20.80,21.29
17565,23.73,21.29,20.80,20.80,20.80,21.29
17672,23.73,21.29,21.29,20.80,20.80,21.29
17778,23.73,21.29,21.29,20.80,20.80,21.29
17886,23.73,21.29,20.80,20.80,20.80,21.29
17992,23.73,21.29,21.29,20.80,20.80,21.29
18103,23.73,21.29,21.29,20.80,20.80,21.29
18209,23.73,21.29,21.29,20.80,20.80,21.29
18317,23.73,21.29,21.29,20.80,20.80,21.29
18423,23.73,21.29,21.29,20.80,20.80,21.29
18530,23.73,21.29,21.29,20.80,20.80,21.29
18637,23.73,21.29,21.29,20.80,20.80,21.29
18744,23.73,21.29,20.80,20.80,20.80,21.29
18850,23.73,21.29,21.29,20.80,20.80,21.29
18958,23.73,21.29,20.80,20.80,20.80,21.29
19064,23.73,21.29,21.29,20.80,20.80,21.29
19171,23.73,21.29,21.29,20.80,20.80,21.29
19277,23.73,21.29,20.80,20.80,20.80,21.29
19389,23.73,21.29,20.80,20.80,20.80,21.29
19495,23.73,21.29,20.80,20.80,20.80,21.29
19602,23.73,21.29,20.80,20.80,20.80,21.29
19708,23.73,21.29,20.80,20.80,20.80,21.29
19816,23.73,21.29,21.29,20.80,20.80,21.29
19922,23.73,21.29,20.80,20.80,20.80,21.29
20029,23.24,20.31,20.31,20.31,20.31,20.80
20136,23.24,20.31,20.31,20.31,20.31,20.80
20243,23.24,20.31,20.31,20.31,20.31,20.80
20349,23.24,20.31,20.31,20.31,20.31,20.80
20457,23.24,20.31,20.31,20.31,20.31,20.80
20563,23.24,20.31,20.31,20.31,20.80,20.80
20674,23.24,20.31,20.31,20.31,20.31,20.80
20781,23.24,20.31,20.31,20.31,20.31,20.80
20888,23.24,20.31,20.31,20.31,20.31,20.80
20995,23.24,20.31,20.31,20.31,20.31,20.80
21101,23.24,20.31,20.31,20.31,20.31,20.80
21209,23.24,20.31,20.31,20.31,20.31,20.80
21315,23.24,20.31,20.31,20.31,20.31,20.80
21422,23.24,20.31,20.31,20.31,20.31,20.80
21529,23.24,20.80,20.31,20.31,20.31,20.80
21636,23.24,20.31,20.31,20.31,20.31,20.80
21742,23.24,20.31,20.31,20.31,20.31,20.80
21849,23.24,20.31,20.31,20.31,20.31,20.80
21960,23.24,20.31,20.31,20.31,20.31,20.80
22067,23.24,20.31,20.31,20.31,20.31,20.80
22173,23.24,20.80,20.31,20.31,20.31,20.80
22281,23.24,20.31,20.31,20.31,20.31,20.80
22387,23.24,20.31,20.31,20.31,20.31,20.80
22494,23.24,20.31,20.31,20.31,20.31,20.80
22601,23.24,20.31,20.31,20.31,20.31,20.80
22708,23.73,20.31,20.31,20.31,20.31,20.80
22814,23.24,20.31,20.31,20.31,20.31,20.80
22922,23.24,20.31,20.31,20.31,20.31,20.80
23028,23.73,20.31,20.31,20.31,20.31,20.80
23135,23.73,20.31,20.31,20.31,20.31,20.80
23246,23.73,20.31,20.31,20.31,20.31,20.80
23353,23.73,20.31,20.31,20.31,20.31,20.80
23459,23.73,20.31,20.31,20.31,20.31,20.80
23566,23.73,20.31,20.31,20.31,20.31,20.80
23673,23.73,20.31,20.31,20.31,20.31,20.80
23780,23.73,20.31,20.31,20.31,20.31,20.80
23886,23.73,20.80,20.31,20.31,20.31,20.80
23994,23.73,20.31,20.31,20.31,20.31,20.80
24100,23.73,20.31,20.31,20.31,20.31,20.80
24207,23.73,20.31,20.31,20.31,20.31,20.80
24314,23.73,20.31,20.31,20.31,20.31,20.80
24421,23.73,20.31,20.31,20.31,20.31,20.80
24531,23.73,20.80,20.31,20.31,20.31,20.80
24639,23.73,20.31,20.31,20.31,20.31,20.80
24745,23.73,20.31,20.31,20.31,20.31,20.80
24852,23.73,20.80,20.31,20.31,20.31,20.80
24960,23.73,20.31,20.31,20.31,20.31,20.80
25066,23.73,20.31,20.31,20.31,20.31,20.80
25172,23.73,20.31,20.31,20.31,20.31,20.80
25279,23.73,20.31,20.31,20.31,20.31,20.80
25387,23.73,20.31,20.31,20.31,20.31,20.80
25493,23.73,20.31,20.31,20.31,20.31,20.80
25600,23.73,20.31,20.31,20.31,20.31,20.80
25707,23.73,20.31,20.31,20.31,20.31,20.80
25818,23.73,20.31,20.31,20.31,20.31,20.80
25924,23.73,20.80,20.31,20.31,20.31,20.80
26032,23.73,20.31,20.31,20.31,20.31,20.80
26138,23.73,20.31,20.31,20.31,20.31,20.80
26245,23.73,20.80,20.31,20.31,20.31,20.80
26352,23.73,20.80,20.31,20.31,20.31,20.80
26459,23.73,20.80,20.31,20.31,20.31,20.80
26565,23.73,20.80,20.31,20.31,20.31,20.80
26672,23.73,20.80,20.31,20.31,20.31,20.80
26779,23.73,20.80,20.31,20.31,20.31,20.80
26886,23.73,20.80,20.31,20.31,20.31,20.80
26992,23.73,20.31,20.31,20.31,20.31,20.80
27104,23.73,20.80,20.31,20.31,20.80,20.80
27210,23.73,20.80,20.31,20.31,20.31,20.80
27317,23.73,20.31,20.31,20.31,20.31,20.80
27424,23.73,20.31,20.31,20.31,20.31,20.80
27531,23.73,20.80,20.31,20.31,20.31,20.80
27637,23.73,20.80,20.31,20.31,20.31,20.80
27744,23.73,20.80,20.31,20.31,20.31,20.80
27851,23.73,20.80,20.31,20.31,20.31,20.80
27958,23.73,20.80,20.31,20.31,20.31,20.80
28064,23.73,20.80,20.31,20.31,20.31,20.80
28172,23.73,20.31,20.31,20.31,20.31,20.80
28278,23.73,20.80,20.31,20.31,20.31,20.80
28389,23.73,20.80,20.31,20.31,20.31,20.80
28495,23.73,20.80,20.31,20.31,20.31,20.80
28603,23.73,20.31,20.31,20.31,20.31,20.80
28709,23.73,20.80,20.31,20.31,20.31,20.80
28816,23.73,20.80,20.31,20.31,20.31,20.80
28923,23.73,20.80,20.31,20.31,20.31,20.80
29030,23.73,20.80,20.31,20.31,20.31,20.80
29136,23.73,20.80,20.31,20.31,20.31,20.80
29244,23.73,20.80,20.31,20.31,20.31,20.80
29350,23.73,20.80,20.31,20.31,20.31,20.80
29457,23.73,20.31,20.31,20.31,20.31,20.80
29564,23.73,20.80,20.31,20.31,20.31,20.80
29675,23.73,20.80,20.31,20.31,20.31,20.80
29782,23.73,20.80,20.31,20.31,20.31,20.80
29888,23.73,20.80,20.31,20.31,20.31,20.80
29996,23.73,20.80,20.31,20.31,20.31,20.80
30102,23.73,20.80,20.31,20.31,20.31,20.80
30209,23.73,20.80,20.31,20.31,20.31,20.80
30316,23.73,20.80,20.31,20.31,20.31,20.80
30423,23.73,20.80,20.31,20.31,20.31,20.80
30529,23.73,20.80,20.31,20.31,20.31,20.80
30636,23.73,20.80,20.31,20.31,20.31,20.80
30743,23.73,20.80,20.31,20.31,20.31,20.80
30850,23.73,20.80,20.31,20.31,20.31,20.80
30960,23.24,20.80,20.31,20.31,20.31,20.80
31068,23.73,20.80,20.31,20.31,20.31,20.80
31174,23.73,20.80,20.31,20.31,20.80,20.80
31281,23.24,20.80,20.31,20.31,20.31,20.80
31387,23.73,20.80,20.31,20.31,20.31,20.80
31495,23.73,20.80,20.31,20.31,20.31,20.80
31601,23.73,20.80,20.31,20.31,20.31,20.80
31708,23.73,20.80,20.31,20.31,20.31,20.80
31815,23.73,20.80,20.31,20.31,20.31,20.80
31922,23.73,20.80,20.31,20.31,20.31,20.80
32028,23.73,20.80,20.31,20.31,20.31,20.80
32140,23.73,20.80,20.31,20.31,20.31,20.80
32246,23.73,20.80,20.31,20.31,20.31,20.80
32353,23.73,20.80,20.31,20.31,20.31,20.80
32459,23.24,20.80,20.31,20.31,20.31,20.80
32567,23.24,20.80,20.31,20.31,20.31,20.80
32673,23.73,20.80,20.31,20.31,20.31,20.80
32780,23.73,20.80,20.31,20.31,20.31,20.80
32887,23.24,20.80,20.31,20.31,20.31,20.80
32994,23.73,20.80,20.31,20.31,20.31,20.80
33100,23.24,20.80,20.31,20.31,20.31,20.80
33208,23.73,20.80,20.31,20.31,20.31,20.80
33314,23.73,20.80,20.31,20.31,20.31,20.80
33425,23.73,20.80,20.31,20.31,20.80,20.80
33531,23.24,20.80,20.31,20.31,20.31,20.80
33639,23.73,20.80,20.31,20.31,20.31,20.80
33745,23.24,20.80,20.31,20.31,20.31,20.80
33852,23.24,20.80,20.31,20.31,20.31,20.80
33959,23.24,20.80,20.31,20.31,20.31,20.80
34066,23.24,20.80,20.31,20.31,20.31,20.80
34172,23.24,20.80,20.31,20.31,20.31,20.80
34280,23.73,20.80,20.31,20.31,20.31,20.80
34386,23.24,20.80,20.31,20.31,20.31,20.80
34493,23.24,20.80,20.31,20.31,20.31,20.80
34599,23.24,20.80,20.31,20.31,20.31,20.80
34711,23.24,20.80,20.31,20.31,20.31,20.80
34818,23.24,20.80,20.31,20.31,20.31,20.80
34924,23.24,20.80,20.31,20.31,20.80,20.80
35032,23.24,20.80,20.31,20.31,20.31,20.80
35138,23.24,20.80,20.31,20.31,20.31,20.80
35245,23.24,20.80,20.31,20.31,20.31,20.80
35352,23.24,20.80,20.31,20.31,20.31,20.80
35459,23.24,20.80,20.31,20.31,20.31,20.80
35565,23.24,20.80,20.31,20.31,20.31,20.80
35672,23.24,20.80,20.31,20.31,20.31,20.80
35779,23.24,20.80,20.31,20.31,20.31,20.80
35886,23.24,20.80,20.31,20.31,20.31,20.80
35996,23.24,20.80,20.31,20.31,20.31,20.80
36104,23.24,20.80,20.31,20.31,20.31,20.80
36210,23.24,20.80,20.31,20.31,20.31,20.80
36317,23.24,20.80,20.31,20.31,20.31,20.80
36423,23.24,20.80,20.31,20.31,20.31,20.80
36531,23.24,20.80,20.31,20.31,20.31,20.80
36637,23.24,20.80,20.31,20.31,20.31,20.80
36744,23.24,20.80,20.31,20.31,20.31,20.80
36851,23.24,20.80,20.31,20.31,20.31,20.80
36958,23.24,20.80,20.31,20.31,20.31,20.80
37064,23.24,20.80,20.31,20.31,20.31,20.80
37172,23.24,20.80,20.31,20.31,20.31,20.80
37282,23.24,20.80,20.31,20.31,20.31,20.80
37389,23.24,20.80,20.31,20.31,20.31,20.80
37495,23.24,20.80,20.31,20.31,20.31,20.80
37603,23.24,20.80,20.31,20.31,20.31,20.80
37709,23.24,20.80,20.31,20.31,20.31,20.80
37816,23.24,20.80,20.31,20.31,20.31,20.80
37923,23.24,20.80,20.31,20.31,20.31,20.80
38030,23.24,20.80,20.31,20.31,20.31,20.80
38136,23.24,20.80,20.31,20.31,20.31,20.80
38244,23.24,20.80,20.31,20.31,20.31,20.80
38350,23.24,20.80,20.31,20.31,20.31,20.80
38457,23.24,20.80,20.31,20.31,20.31,20.80
38567,23.24,20.80,20.31,20.31,20.31,20.80
38675,23.24,20.80,20.31,20.31,20.31,20.80
38781,23.24,20.80,20.31,20.31,20.31,20.80
38888,23.24,20.80,20.31,20.31,20.31,20.80
38995,23.24,20.80,20.31,20.31,20.31,20.80
39102,23.24,20.80,20.31,20.31,20.80,20.80
39208,23.24,20.80,20.31,20.31,20.31,20.80
39315,23.24,20.80,20.31,20.31,20.31,20.80
39422,23.24,20.80,20.31,20.31,20.31,20.80
39529,23.24,20.80,20.31,20.31,20.31,20.80
39635,23.24,20.80,20.31,20.31,20.31,20.80
39743,23.24,20.80,20.31,20.31,20.31,20.80
39854,23.24,20.80,20.31,20.31,20.31,20.80
39960,23.24,20.80,20.31,20.31,20.31,20.80
40067,24.22,21.78,21.29,20.80,20.80,21.78
40174,24.22,21.29,21.29,20.80,20.80,21.29
40281,24.22,21.78,21.29,20.80,20.80,21.29
40387,24.22,21.29,21.29,20.80,20.80,21.29
40495,24.22,21.29,21.29,20.80,20.80,21.29
40601,24.22,21.29,21.29,20.80,20.80,21.29
40708,24.22,21.78,21.29,20.80,20.80,21.29
40815,24.22,21.78,21.29,20.80,20.80,21.29
40922,24.22,21.78,21.29,20.80,21.29,21.29
41028,24.22,21.78,21.29,20.80,20.80,21.29
41139,24.22,21.29,21.29,20.80,20.80,21.29
41246,24.22,21.29,21.29,20.80,20.80,21.29
41353,24.22,21.78,21.29,20.80,20.80,21.78
41459,24.22,21.78,21.29,20.80,21.29,21.29
41567,24.22,21.78,21.29,20.80,20.80,21.29
41673,24.22,21.78,21.29,20.80,20.80,21.78
41780,24.22,21.78,21.29,20.80,20.80,21.78
41887,24.22,21.78,21.29,20.80,20.80,21.29
41994,24.22,21.78,21.29,20.80,20.80,21.29
42100,24.22,21.78,21.29,20.80,20.80,21.29
42207,24.22,21.78,21.29,20.80,20.80,21.29
42314,24.22,21.78,21.29,20.80,20.80,21.29
42425,24.22,21.78,21.29,20.80,20.80,21.29
42531,24.22,21.78,21.29,20.80,20.80,21.29
42639,24.22,21.78,21.29,20.80,20.80,21.29
42745,24.22,21.78,21.29,20.80,20.80,21.29
42852,24.22,21.78,21.29,20.80,20.80,21.29
42958,24.22,21.78,21.29,20.80,20.80,21.29
43066,24.22,21.78,21.29,20.80,20.80,21.29
43172,24.22,21.78,21.29,20.80,20.80,21.29
43279,24.22,21.78,21.29,20.80,20.80,21.29
43386,24.22,21.78,21.29,20.80,20.80,21.29
43493,24.22,21.78,21.29,20.80,20.80,21.29
43599,24.22,21.78,21.29,20.80,20.80,21.29
43710,24.22,21.78,21.29,20.80,20.80,21.29
43817,24.22,21.78,21.29,20.80,20.80,21.29
43924,24.22,21.78,21.29,20.80,20.80,21.29
44030,24.22,21.78,21.29,20.80,20.80,21.29
44138,24.22,21.78,21.29,20.80,20.80,21.29
44244,24.22,21.78,21.29,20.80,20.80,21.29
44351,24.22,21.78,21.29,20.80,20.80,21.29
44457,24.22,21.78,21.29,20.80,20.80,21.29
44565,24.22,21.78,21.29,20.80,20.80,21.29
44672,24.22,21.78,21.29,20.80,20.80,21.29
44778,24.22,21.78,21.29,20.80,20.80,21.29
44886,24.22,21.78,21.29,20.80,20.80,21.29
44996,24.22,21.78,21.29,20.80,20.80,21.29
45103,24.22,21.78,21.29,20.80,20.80,21.29
45210,24.22,21.78,21.29,20.80,20.80,21.29
45317,24.22,21.78,21.29,20.80,20.80,21.29
45423,24.22,21.78,21.29,20.80,20.80,21.29
45530,24.22,21.78,21.29,20.80,20.80,21.29
45637,24.22,21.78,21.29,20.80,20.80,21.29
45744,24.22,21.78,21.29,20.80,21.29,21.29
45850,24.22,21.78,21.29,20.80,20.80,21.29
45958,24.22,21.78,21.29,20.80,20.80,21.29
46064,24.22,21.78,21.29,20.80,20.80,21.29
46175,24.22,21.78,21.29,20.80,20.80,21.29
46281,24.22,21.78,21.29,20.80,20.80,21.29
46389,24.22,21.78,21.29,20.80,20.80,21.29
46495,24.22,21.78,21.29,20.80,20.80,21.29
46602,24.22,21.78,21.29,20.80,20.80,21.29
46708,24.22,21.78,21.29,20.80,20.80,21.29
46816,24.22,21.78,21.29,20.80,20.80,21.29
46922,24.22,21.78,21.29,20.80,20.80,21.29
47029,24.22,21.78,21.29,20.80,20.80,21.29
47136,24.22,21.78,21.29,20.80,20.80,21.29
47243,24.22,21.78,21.29,20.80,20.80,21.29
47349,24.71,21.78,21.29,20.80,20.80,21.29
47460,24.71,21.78,21.29,20.80,20.80,21.29
47566,24.22,21.78,21.29,20.80,20.80,21.29
47674,24.22,21.78,21.29,20.80,20.80,21.29
47780,24.71,21.78,21.29,20.80,20.80,21.29
47887,24.71,21.78,21.29,20.80,21.29,21.29
47994,24.71,21.78,21.29,20.80,20.80,21.29
48101,24.71,21.78,21.29,20.80,20.80,21.29
48207,24.71,21.78,21.29,20.80,20.80,21.29
48315,24.71,21.78,21.29,20.80,20.80,21.29
48421,24.71,21.78,21.29,20.80,20.80,21.29
48528,24.71,21.78,21.29,20.80,20.80,21.29
48634,24.71,21.78,21.29,20.80,20.80,21.78
48746,24.71,21.78,21.29,20.80,20.80,21.29
48852,24.71,21.78,21.29,20.80,20.80,21.29
48959,24.71,21.78,21.29,20.80,20.80,21.29
49067,24.71,21.78,21.29,20.80,20.80,21.29
49173,24.71,21.78,21.29,20.80,20.80,21.29
49280,24.71,21.78,21.29,20.80,20.80,21.29
49386,24.71,21.78,21.29,20.80,20.80,21.29
49494,24.71,21.78,21.29,20.80,20.80,21.29
49600,24.71,21.78,21.29,20.80,20.80,21.29
49707,24.71,21.78,21.29,20.80,20.80,21.29
49814,24.71,21.78,21.29,20.80,20.80,21.29
49921,24.71,21.78,21.29,20.80,20.80,21.29
50031,24.71,21.78,21.29,20.80,20.80,21.29
50138,24.71,21.78,21.29,20.80,20.80,21.29
50245,24.71,21.78,21.29,20.80,20.80,21.29
50352,24.71,21.78,21.29,20.80,20.80,21.29
50458,24.71,21.78,21.29,20.80,20.80,21.29
50565,24.71,21.78,21.29,20.80,21.29,21.29
50672,24.71,21.78,21.29,20.80,20.80,21.29
50779,24.71,21.78,21.29,20.80,20.80,21.29
50885,24.71,21.78,21.29,20.80,20.80,21.29
50993,24.71,21.78,21.29,20.80,20.80,21.29
51099,24.71,21.78,21.29,20.80,20.80,21.29
51206,24.71,21.78,21.29,20.80,20.80,21.29
51316,24.71,21.78,21.29,20.80,20.80,21.29
51424,25.20,21.78,21.29,20.80,20.80,21.29
51530,24.71,21.78,21.29,20.80,20.80,21.29
51637,25.20,21.78,21.29,20.80,20.80,21.29
51744,24.71,21.78,21.29,20.80,20.80,21.29
51851,25.20,21.78,21.29,20.80,20.80,21.29
51957,25.20,21.78,21.29,20.80,20.80,21.29
52065,25.20,21.78,21.29,20.80,20.80,21.78
52171,25.20,21.78,21.29,20.80,20.80,21.29
52278,25.20,21.78,21.29,20.80,20.80,21.78
52384,25.20,21.78,21.29,20.80,20.80,21.29
52492,25.20,21.78,21.29,20.80,20.80,21.29
52602,25.20,21.78,21.29,20.80,20.80,21.29
52709,25.20,21.78,21.29,20.80,20.80,21.29
52815,25.20,21.78,21.29,20.80,20.80,21.29
52923,25.20,21.78,21.29,20.80,20.80,21.29
53029,25.20,21.78,21.29,20.80,20.80,21.29
53136,25.20,21.78,21.29,20.80,20.80,21.29
53243,25.20,21.78,21.29,20.80,20.80,21.29
53350,25.20,21.78,21.29,20.80,20.80,21.29
53456,25.20,21.78,21.29,20.80,20.80,21.29
53563,25.20,21.78,21.29,20.80,20.80,21.29
53670,25.20,21.78,21.29,20.80,20.80,21.29
53777,25.20,21.78,21.29,20.80,20.80,21.29
53888,25.20,21.78,21.29,20.80,20.80,21.29
53995,25.20,21.78,21.29,20.80,20.80,21.29
54102,25.20,21.78,21.29,20.80,20.80,21.29
54208,25.20,21.78,21.29,20.80,20.80,21.29
54315,25.20,21.78,21.29,20.80,20.80,21.29
54422,25.20,21.78,21.29,20.80,20.80,21.29
54529,25.20,21.78,21.29,20.80,20.80,21.29
54635,25.20,21.78,21.29,20.80,20.80,21.29
54743,25.20,21.78,21.29,20.80,20.80,21.29
54849,25.20,21.78,21.29,20.80,20.80,21.29
54956,25.68,21.78,21.29,20.80,20.80,21.29
55062,25.20,21.78,21.29,20.80,20.80,21.29
55174,25.20,21.78,21.29,20.80,20.80,21.29
55280,25.68,21.78,21.29,20.80,20.80,21.29
55387,25.68,21.78,21.29,20.80,20.80,21.29
55494,25.68,21.78,21.29,20.80,20.80,21.29
55601,25.68,21.78,21.29,20.80,20.80,21.29
55707,25.68,21.78,21.29,20.80,20.80,21.29
55814,25.68,21.78,21.29,20.80,20.80,21.29
55921,25.68,21.78,21.29,20.80,20.80,21.29
56028,25.68,21.78,21.29,20.80,20.80,21.29
56134,25.68,21.78,21.29,20.80,20.80,21.29
56242,25.68,21.78,21.29,20.80,20.80,21.29
56348,25.68,21.78,21.29,20.80,20.80,21.29
56459,25.68,21.78,21.29,20.80,20.80,21.29
56565,25.68,21.78,21.29,20.80,20.80,21.29
56673,25.68,21.78,21.29,20.80,20.80,21.29
56779,25.68,21.78,21.29,20.80,20.80,21.29
56886,25.68,21.78,21.29,20.80,20.80,21.29
56992,25.68,21.78,21.29,20.80,20.80,21.29
57100,25.68,21.78,21.29,20.80,20.80,21.29
57206,25.68,21.78,21.29,20.80,20.80,21.29
57313,25.68,21.78,21.29,20.80,20.80,21.29
57420,25.68,21.78,21.29,20.80,20.80,21.29
57527,25.68,21.78,21.29,20.80,20.80,21.29
57633,25.68,21.78,21.29,20.80,20.80,21.29
57744,25.68,21.78,21.29,20.80,21.29,21.29
57851,25.68,21.78,21.29,20.80,20.80,21.78
57958,25.68,21.78,21.29,20.80,20.80,21.29
58064,25.68,21.78,21.29,20.80,20.80,21.29
58172,25.68,21.78,21.29,20.80,20.80,21.29
58278,25.68,21.78,21.29,20.80,20.80,21.29
58385,25.68,21.78,21.29,20.80,20.80,21.29
58491,26.17,21.78,21.29,20.80,20.80,21.29
58599,26.17,21.78,21.29,20.80,20.80,21.29
58705,25.68,21.78,21.29,20.80,20.80,21.29
58812,25.68,21.78,21.29,20.80,20.80,21.29
58919,26.17,21.78,21.29,20.80,20.80,21.29
59030,25.68,21.78,21.29,20.80,20.80,21.29
59137,26.17,21.78,21.29,20.80,20.80,21.29
59243,26.17,21.78,21.29,20.80,20.80,21.29
59351,26.17,21.78,21.29,20.80,20.80,21.29
59457,26.17,21.78,21.29,20.80,20.80,21.29
59564,26.17,21.78,21.29,20.80,20.80,21.29
59671,26.17,21.78,21.29,20.80,20.80,21.29
59778,26.17,21.78,21.29,20.80,20.80,21.29
59884,26.17,21.78,21.29,20.80,20.80,21.29
59991,26.17,21.78,21.29,20.80,20.80,21.29
60098,25.20,21.29,20.31,20.31,20.31,20.80
60209,25.20,21.29,20.31,20.31,20.31,20.80
60315,25.20,21.29,20.31,20.31,20.31,20.80
60423,25.20,21.29,20.80,20.31,20.31,20.80
60529,25.20,21.29,20.31,20.31,20.31,20.80
60636,25.68,21.29,20.31,20.31,20.31,20.80
60743,25.20,21.29,20.31,20.31,20.31,20.80
60850,25.68,21.29,20.80,20.31,20.31,20.80
60956,25.20,21.29,20.31,20.31,20.31,20.80
61064,25.68,21.29,20.31,20.31,20.31,20.80
61170,25.68,21.29,20.31,20.31,20.31,20.80
61277,25.68,21.29,20.80,20.31,20.31,20.80
61383,25.68,21.29,20.31,20.31,20.31,20.80
61495,25.68,21.29,20.80,20.31,20.31,20.80
61601,25.68,21.29,20.31,20.31,20.31,20.80
61708,25.68,21.29,20.80,20.31,20.31,20.80
61815,25.68,21.29,20.31,20.31,20.31,20.80
61922,25.68,21.29,20.80,20.31,20.31,20.80
62028,25.68,21.29,20.31,20.31,20.31,20.80
62135,25.68,21.29,20.31,20.31,20.31,20.80
62242,25.68,21.29,20.31,20.31,20.31,20.80
62349,25.68,21.29,20.31,20.31,20.31,20.80
62455,25.68,21.29,20.80,20.31,20.80,20.80
62563,25.68,21.29,20.31,20.31,20.31,20.80
62669,25.68,21.29,20.31,20.31,20.31,20.80
62780,25.68,21.29,20.31,20.31,20.31,20.80
62887,25.68,21.29,20.31,20.31,20.31,20.80
62994,25.68,21.29,20.80,20.31,20.31,20.80
63100,25.68,21.29,20.31,20.31,20.31,20.80
63208,25.68,21.29,20.31,20.31,20.31,20.80
63314,25.68,21.29,20.31,20.31,20.31,20.80
63421,25.68,21.29,20.31,20.31,20.31,20.80
63527,25.68,21.29,20.31,20.31,20.31,20.80
63635,25.68,21.29,20.31,20.31,20.80,20.80
63741,25.68,21.29,20.31,20.31,20.31,20.80
63848,25.68,21.29,20.80,20.31,20.80,20.80
63955,25.68,21.29,20.31,20.31,20.31,20.80
64066,25.68,21.29,20.31,20.31,20.31,20.80
64173,25.68,21.29,20.80,20.31,20.31,20.80
64280,25.68,21.29,20.31,20.31,20.31,20.80
64387,25.68,21.29,20.80,20.31,20.31,20.80
64493,25.68,21.29,20.31,20.31,20.31,20.80
64600,25.68,21.29,20.80,20.31,20.31,20.80
64707,25.68,21.29,20.31,20.31,20.31,20.80
64814,25.68,21.29,20.80,20.31,20.31,20.80
64920,25.68,21.29,20.80,20.31,20.31,20.80
65028,25.68,21.29,20.31,20.31,20.31,20.80
65134,25.68,21.29,20.80,20.31,20.31,20.80
65241,25.68,21.29,20.80,20.31,20.31,20.80
65351,25.68,21.29,20.31,20.31,20.31,20.80
65459,25.68,21.29,20.31,20.31,20.31,20.80
65565,25.68,21.29,20.80,20.31,20.31,20.80
65672,25.68,21.29,20.31,20.31,20.31,20.80
65779,25.68,21.29,20.80,20.31,20.31,20.80
65886,25.68,21.29,20.80,20.31,20.31,20.80
65992,25.68,21.29,20.80,20.31,20.31,20.80
66100,25.68,21.29,20.31,20.31,20.31,20.80
66206,25.68,21.29,20.31,20.31,20.31,20.80
66313,25.68,21.29,20.80,20.31,20.31,20.80
66419,25.68,21.29,20.80,20.31,20.31,20.80
66527,25.68,21.29,20.80,20.31,20.80,20.80
66637,25.68,21.29,20.31,20.31,20.31,20.80
66744,25.68,21.29,20.31,20.31,20.31,20.80
66851,25.68,21.29,20.80,20.31,20.31,20.80
66958,25.68,21.29,20.80,20.31,20.31,20.80
67064,25.68,21.29,20.80,20.31,20.31,20.80
67172,25.68,21.29,20.80,20.31,20.31,20.80
67278,25.68,21.29,20.31,20.31,20.31,20.80
67385,25.68,21.29,20.80,20.31,20.31,20.80
67491,25.68,21.29,20.31,20.31,20.80,20.80
67599,25.68,21.29,20.80,20.31,20.31,20.80
67705,25.68,21.29,20.31,20.31,20.31,20.80
67812,25.68,21.29,20.31,20.31,20.80,20.80
67923,25.68,21.29,20.80,20.31,20.31,20.80
68030,25.68,21.29,20.80,20.31,20.31,20.80
68136,25.68,21.29,20.80,20.31,20.31,20.80
68243,25.68,21.29,20.80,20.31,20.31,20.80
68350,25.68,21.29,20.80,20.31,20.31,20.80
68457,25.68,21.29,20.80,20.31,20.31,20.80
68563,25.68,21.29,20.80,20.31,20.31,20.80
68671,25.68,21.29,20.31,20.31,20.80,20.80
68777,25.68,21.29,20.31,20.31,20.31,20.80
68884,25.68,21.29,20.80,20.31,20.31,20.80
68992,25.68,21.29,20.31,20.31,20.31,20.80
69098,25.68,21.29,20.31,20.31,20.31,20.80
69209,25.68,21.29,20.80,20.31,20.80,20.80
69315,25.68,21.29,20.80,20.31,20.31,20.80
69423,25.68,21.29,20.31,20.31,20.31,20.80
69529,25.68,21.29,20.31,20.31,20.31,20.80
69636,25.68,21.29,20.80,20.31,20.31,20.80
69743,25.68,21.29,20.80,20.31,20.31,20.80
69850,25.68,21.29,20.80,20.31,20.31,20.80
69956,25.68,21.29,20.80,20.31,20.80,20.80
70063,25.68,21.29,20.80,20.31,20.80,20.80
70170,25.68,21.29,20.80,20.31,20.80,20.80
70277,25.68,21.29,20.80,20.31,20.31,20.80
70383,25.68,21.29,20.80,20.31,20.31,20.80
70494,25.68,21.29,20.31,20.31,20.31,20.80
70601,25.68,21.29,20.80,20.31,20.31,20.80
70708,25.68,21.29,20.80,20.31,20.31,20.80
70814,25.68,21.29,20.80,20.31,20.80,20.80
70922,25.68,21.29,20.80,20.31,20.31,20.80
71028,25.68,21.29,20.80,20.31,20.31,20.80
71135,25.68,21.29,20.80,20.31,20.31,20.80
71241,25.20,21.29,20.80,20.31,20.31,20.80
71349,25.68,21.29,20.80,20.31,20.31,20.80
71455,25.68,21.29,20.80,20.31,20.31,20.80
71562,25.68,21.29,20.80,20.31,20.31,20.80
71669,25.68,21.29,20.80,20.31,20.31,20.80
71780,25.68,21.29,20.80,20.31,20.31,20.80
71886,25.68,21.29,20.31,20.31,20.31,20.80
71994,25.68,21.29,20.80,20.31,20.31,20.80
72100,25.68,21.29,20.80,20.31,20.31,20.80
72207,25.68,21.29,20.80,20.31,20.80,20.80
72313,25.68,21.29,20.80,20.31,20.31,20.80
72421,25.68,21.29,20.80,20.31,20.31,20.80
72527,25.20,21.29,20.80,20.31,20.31,20.80
72634,25.68,21.29,20.80,20.31,20.31,20.80
72741,25.20,21.29,20.80,20.31,20.31,20.80
72848,25.20,21.29,20.80,20.31,20.31,20.80
72958,25.68,21.29,20.80,20.31,20.31,20.80
73065,25.68,21.29,20.80,20.31,20.31,20.80
73172,25.20,21.78,20.80,20.31,20.31,20.80
73279,25.68,21.29,20.80,20.31,20.80,20.80
73385,25.20,21.29,20.80,20.31,20.80,20.80
73493,25.20,21.29,20.80,20.31,20.31,20.80
73600,25.20,21.29,20.80,20.31,20.31,20.80
73706,25.68,21.29,20.80,20.31,20.31,20.80
73812,25.20,21.29,20.80,20.31,20.31,20.80
73920,25.20,21.29,20.80,20.31,20.31,20.80
74027,25.68,21.29,20.80,20.31,20.31,20.80
74133,25.20,21.78,20.80,20.31,20.31,20.80
74245,25.20,21.29,20.80,20.31,20.31,20.80
74351,25.20,21.29,20.80,20.31,20.80,20.80
74458,25.20,21.78,20.80,20.31,20.31,20.80
74564,25.20,21.29,20.80,20.31,20.31,20.80
74672,25.20,21.29,20.80,20.31,20.31,20.80
74778,25.20,21.78,20.80,20.31,20.31,20.80
74885,25.20,21.29,20.80,20.31,20.31,20.80
74992,25.20,21.78,20.80,20.31,20.31,20.80
75099,25.20,21.29,20.80,20.31,20.80,20.80
75205,25.20,21.29,20.80,20.31,20.31,20.80
75312,25.20,21.29,20.80,20.31,20.31,20.80
75419,25.20,21.29,20.80,20.31,20.80,20.80
75530,25.20,21.29,20.80,20.31,20.31,20.80
75636,25.20,21.29,20.80,20.31,20.80,20.80
75744,25.20,21.78,20.80,20.31,20.31,20.80
75850,25.20,21.29,20.80,20.31,20.31,20.80
75957,25.20,21.78,20.80,20.31,20.80,20.80
76063,25.20,21.29,20.80,20.31,20.31,20.80
76171,25.20,21.78,20.80,20.31,20.31,20.80
76277,25.20,21.29,20.80,20.31,20.31,20.80
76384,25.20,21.78,20.80,20.31,20.80,20.80
76491,25.20,21.78,20.80,20.31,20.80,20.80
76598,25.20,21.78,20.80,20.31,20.31,20.80
76704,25.20,21.78,20.80,20.31,20.31,20.80
76815,25.20,21.78,20.80,20.31,20.31,20.80
76922,25.20,21.78,20.80,20.31,20.31,20.80
77029,25.20,21.78,20.80,20.31,20.80,20.80
77135,25.20,21.78,20.80,20.31,20.31,20.80
77243,25.20,21.29,20.80,20.31,20.31,20.80
77349,25.20,21.78,20.80,20.31,20.31,20.80
77456,25.20,21.78,20.80,20.31,20.80,20.80
77562,25.20,21.78,20.80,20.31,20.80,20.80
77670,25.20,21.78,20.80,20.31,20.80,20.80
77776,25.20,21.78,20.80,20.31,20.31,20.80
77883,25.20,21.78,20.80,20.31,20.31,20.80
77990,25.20,21.78,20.80,20.31,20.31,20.80
78101,25.20,21.78,20.80,20.31,20.31,20.80
78208,25.20,21.29,20.80,20.31,20.31,20.80
78314,25.20,21.78,20.80,20.31,20.80,20.80
78422,25.20,21.78,20.80,20.31,20.31,20.80
78528,25.20,21.78,20.80,20.31,20.31,20.80
78635,25.20,21.78,20.80,20.31,20.31,20.80
78741,25.20,21.78,20.80,20.31,20.31,20.80
78849,25.20,21.78,20.80,20.31,20.80,20.80
78955,25.20,21.78,20.80,20.31,20.31,20.80
79062,25.20,21.29,20.80,20.31,20.31,20.80
79169,25.20,21.78,20.80,20.31,20.31,20.80
79276,25.20,21.78,20.80,20.31,20.31,20.80
79386,25.20,21.78,20.80,20.31,20.31,20.80
79493,25.20,21.78,20.80,20.31,20.31,20.80
79600,25.20,21.78,20.80,20.31,20.31,20.80
79707,25.20,21.78,20.80,20.31,20.31,20.80
79813,25.20,21.78,20.80,20.31,20.31,20.80
79921,25.20,21.78,20.80,20.31,20.31,20.80
80027,25.20,21.78,20.80,20.31,20.80,20.80
80134,25.68,22.27,21.29,21.29,20.80,21.29
80241,25.68,22.27,21.29,20.80,21.29,21.29
80348,25.68,22.27,21.29,20.80,21.29,21.29
80454,25.68,22.27,21.29,20.80,20.80,21.29
80561,25.68,22.27,21.29,20.80,20.80,21.29
80672,25.68,22.27,21.29,20.80,20.80,21.29
80779,25.68,22.27,21.29,21.29,20.80,21.29
80885,25.68,22.27,21.29,20.80,20.80,21.29
80993,25.68,22.27,21.29,20.80,20.80,21.29
81099,25.68,22.27,21.29,21.29,20.80,21.29
81206,25.68,22.27,21.29,20.80,20.80,21.29
81312,25.68,22.27,21.29,21.29,20.80,21.29
81420,25.68,22.27,21.29,20.80,20.80,21.29
81526,25.68,22.27,21.29,21.29,20.80,21.29
81633,25.68,22.27,21.29,20.80,20.80,21.29
81740,25.68,22.27,21.29,21.29,20.80,21.29
81847,25.68,22.27,21.29,20.80,21.29,21.29
81957,25.68,22.27,21.29,20.80,21.29,21.29
82064,25.68,22.27,21.29,20.80,21.29,21.29
82171,25.68,22.27,21.29,20.80,21.29,21.29
82278,25.68,22.27,21.29,20.80,21.29,21.29
82384,25.68,22.27,21.29,21.29,20.80,21.29
82492,25.68,22.27,21.29,20.80,20.80,21.29
82598,25.68,22.27,21.29,21.29,20.80,21.29
82705,25.68,22.27,21.29,20.80,21.29,21.29
82812,25.68,22.27,21.29,20.80,20.80,21.29
82919,25.68,22.27,21.29,20.80,20.80,21.29
83025,25.68,22.27,21.29,20.80,20.80,21.29
83132,25.68,22.27,21.29,20.80,21.29,21.29
83244,25.68,22.27,21.29,20.80,21.29,21.29
83350,25.68,22.27,21.29,21.29,20.80,21.29
83457,25.68,22.27,21.29,20.80,20.80,21.29
83564,25.68,22.27,21.29,21.29,20.80,21.29
83671,25.68,22.27,21.29,20.80,20.80,21.29
83777,25.68,22.27,21.29,20.80,20.80,21.29
83884,25.68,22.27,21.29,21.29,20.80,21.29
83991,25.68,22.27,21.29,21.29,20.80,21.29
84098,25.68,22.27,21.29,20.80,20.80,21.29
84204,25.68,22.27,21.29,21.29,20.80,21.29
84312,25.68,22.27,21.29,20.80,20.80,21.29
84418,25.68,22.27,21.29,20.80,20.80,21.29
84529,26.17,22.27,21.29,20.80,20.80,21.29
84636,25.68,22.27,21.29,20.80,20.80,21.29
84743,25.68,22.27,21.29,20.80,20.80,21.29
84849,25.68,22.27,21.29,21.29,20.80,21.29
84956,25.68,22.27,21.29,20.80,21.29,21.29
85063,25.68,22.27,21.29,20.80,20.80,21.29
85170,26.17,22.27,21.78,20.80,20.80,21.29
85276,25.68,22.27,21.29,20.80,20.80,21.29
85384,25.68,22.27,21.29,20.80,21.29,21.29
85490,26.17,22.27,21.29,21.29,20.80,21.29
85597,26.17,22.27,21.29,20.80,20.80,21.29
85704,26.17,22.27,21.29,21.29,20.80,21.29
85815,26.17,22.27,21.78,21.29,20.80,21.29
85921,26.17,22.27,21.29,20.80,20.80,21.29
86028,26.17,22.27,21.29,21.29,20.80,21.29
86135,26.17,22.27,21.29,20.80,20.80,21.29
86242,26.17,22.27,21.78,21.29,20.80,21.29
86348,26.17,22.27,21.29,21.29,20.80,21.29
86456,26.17,22.27,21.29,21.29,20.80,21.29
86562,26.17,22.27,21.29,20.80,20.80,21.29
86669,26.17,22.27,21.29,21.29,20.80,21.29
86776,26.17,22.27,21.29,21.29,20.80,21.29
86883,26.17,22.27,21.29,20.80,20.80,21.29
87266,26.17,22.75,21.29,21.29,20.80,21.29
87373,26.17,22.27,21.29,20.80,20.80,21.29
87480,26.17,22.27,21.78,21.29,20.80,21.78
87586,26.17,22.27,21.29,20.80,21.29,21.29
87694,26.17,22.27,21.29,20.80,20.80,21.29
87800,26.17,22.27,21.29,20.80,20.80,21.29
87907,26.17,22.27,21.29,21.29,20.80,21.29
88014,26.17,22.27,21.78,20.80,20.80,21.29
88121,26.17,22.27,21.29,21.29,20.80,21.29
88227,26.17,22.27,21.78,20.80,20.80,21.29
88335,26.17,22.27,21.29,20.80,20.80,21.78
88441,26.17,22.27,21.29,20.80,20.80,21.29
88570,26.17,22.27,21.29,20.80,20.80,21.78
88677,26.17,22.27,21.29,21.29,20.80,21.29
88784,26.17,22.27,21.78,20.80,20.80,21.29
88891,26.17,22.75,21.29,20.80,21.29,21.29
88997,26.17,22.27,21.78,21.29,20.80,21.29
89105,26.17,22.27,21.78,21.29,20.80,21.29
89211,26.17,22.27,21.29,21.29,20.80,21.29
89318,26.17,22.27,21.29,21.29,20.80,21.29
89424,26.17,22.27,21.29,21.29,20.80,21.29
89532,26.17,22.27,21.29,21.29,20.80,21.29
89638,26.17,22.27,21.29,20.80,20.80,21.29
89745,26.17,22.27,21.78,20.80,20.80,21.29
89857,26.66,22.75,21.29,20.80,20.80,21.29
89963,26.66,22.27,21.78,21.29,20.80,21.29
90070,26.66,22.27,21.29,21.29,20.80,21.29
90177,26.17,22.27,21.78,20.80,20.80,21.29
90284,26.66,22.27,21.78,20.80,21.29,21.29
90390,26.66,22.27,21.78,21.29,20.80,21.29
90497,26.17,22.75,21.29,21.29,20.80,21.29
90604,26.66,22.27,21.29,21.29,20.80,21.29
90711,26.66,22.27,21.29,21.29,20.80,21.29
90817,26.66,22.75,21.78,20.80,20.80,21.29
90925,26.66,22.27,21.29,20.80,21.29,21.29
91031,26.66,22.27,21.78,21.29,20.80,21.29
91142,26.66,22.27,21.78,20.80,20.80,21.29
91249,26.66,22.27,21.78,21.29,20.80,21.29
91356,26.66,22.27,21.78,21.29,20.80,21.29
91462,26.66,22.75,21.29,20.80,21.29,21.29
91570,26.66,22.75,21.78,20.80,20.80,21.29
91676,26.66,22.27,21.78,20.80,20.80,21.29
91783,26.66,22.27,21.78,20.80,20.80,21.29
91889,26.66,22.27,21.78,21.29,20.80,21.29
91997,26.66,22.27,21.78,21.29,20.80,21.29
92103,26.66,22.27,21.78,20.80,20.80,21.29
92210,26.66,22.75,21.78,20.80,20.80,21.29
92317,26.66,22.27,21.78,20.80,20.80,21.29
92428,26.66,22.27,21.78,21.29,20.80,21.29
92534,26.66,22.27,21.78,20.80,20.80,21.29
92642,26.66,22.75,21.29,20.80,21.29,21.29
92748,26.66,22.27,21.78,21.29,20.80,21.29
92855,26.66,22.27,21.78,20.80,20.80,21.29
92961,26.66,22.75,21.78,20.80,20.80,21.29
93069,26.66,22.27,21.78,20.80,20.80,21.29
93175,26.66,22.75,21.78,20.80,20.80,21.29
93282,26.66,22.75,21.78,20.80,21.29,21.29
93389,26.66,22.75,21.78,21.29,20.80,21.29
93496,26.66,22.75,21.78,20.80,20.80,21.29
93602,26.66,22.75,21.78,20.80,20.80,21.29
93713,27.15,22.75,21.78,20.80,20.80,21.29
93820,27.15,22.27,21.78,20.80,20.80,21.29
93927,27.15,22.27,21.78,20.80,20.80,21.29
94033,27.15,22.27,21.78,21.29,20.80,21.29
94141,27.15,22.75,21.78,20.80,20.80,21.29
94247,27.15,22.75,21.78,21.29,20.80,21.29
94354,27.15,22.75,21.78,21.29,20.80,21.29
94461,27.15,22.75,21.78,20.80,21.29,21.29
94568,27.15,22.75,21.29,21.29,20.80,21.78
94674,27.15,22.27,21.78,21.29,20.80,21.29
94781,27.15,22.75,21.78,21.29,20.80,21.29
94888,27.15,22.75,21.78,20.80,20.80,21.29
94999,27.15,22.75,21.78,20.80,20.80,21.29
95106,27.15,22.75,21.78,21.29,20.80,21.29
95213,27.15,22.75,21.78,20.80,20.80,21.29
95320,27.15,22.75,21.78,20.80,20.80,21.29
95426,27.15,22.27,21.78,20.80,20.80,21.29
95534,27.15,22.75,21.78,21.29,20.80,21.29
95640,27.15,22.75,21.78,20.80,20.80,21.29
95747,27.15,22.75,21.78,21.29,20.80,21.29
95853,27.15,22.27,21.78,20.80,20.80,21.29
95961,27.15,22.75,21.78,20.80,20.80,21.29
96067,27.15,22.75,21.78,20.80,20.80,21.29
96174,27.15,22.75,21.78,21.29,21.29,21.29
96285,27.15,22.75,21.78,21.29,20.80,21.29
96392,27.15,22.75,21.78,20.80,20.80,21.29
96498,27.15,22.75,21.78,21.29,20.80,21.29
96605,27.15,22.75,21.78,21.29,20.80,21.29
96712,27.15,22.75,21.78,21.29,20.80,21.29
96819,27.15,22.75,21.78,21.29,20.80,21.29
96925,27.15,22.75,21.78,21.29,20.80,21.29
97033,27.15,22.75,21.78,20.80,20.80,21.29
97139,27.15,22.75,21.78,21.29,20.80,21.78
97246,27.15,22.75,21.78,21.29,20.80,21.29
97353,27.15,22.75,21.78,20.80,20.80,21.29
97460,27.15,22.75,21.78,21.29,20.80,21.29
97570,27.15,22.75,21.78,21.29,20.80,21.29
97677,27.64,22.75,21.78,21.29,20.80,21.29
97784,27.64,22.75,21.78,20.80,20.80,21.29
97891,27.64,22.75,21.78,20.80,21.29,21.29
97997,27.64,22.75,21.78,21.29,20.80,21.29
98105,27.64,22.75,21.78,21.29,20.80,21.78
98211,27.64,22.75,21.78,21.29,20.80,21.29
98318,27.64,22.75,21.78,21.29,20.80,21.29
98425,27.64,22.75,21.78,20.80,20.80,21.29
98532,27.64,22.75,21.78,21.29,20.80,21.29
98638,27.64,22.75,21.78,21.29,20.80,21.29
98745,27.64,22.75,21.78,20.80,20.80,21.29
98856,27.64,22.75,21.78,20.80,21.29,21.29
98963,27.64,22.75,21.78,20.80,20.80,21.29
99069,27.64,22.75,21.78,21.29,20.80,21.29
99177,27.64,22.75,21.78,21.29,20.80,21.29
99283,27.64,22.75,21.78,21.29,20.80,21.29
99390,27.64,22.75,21.78,21.29,21.29,21.29
99497,27.64,22.75,21.78,21.29,20.80,21.29
99604,27.64,22.75,21.78,21.29,20.80,21.29
99710,27.64,22.75,21.78,20.80,20.80,21.29
99817,27.64,22.75,21.78,20.80,21.29,21.29
99924,27.64,22.75,21.78,21.29,20.80,21.78
100031,27.64,22.75,21.78,21.29,20.80,21.29
100142,27.15,22.27,20.80,20.31,20.31,20.80
100249,27.15,21.78,20.80,20.31,20.31,20.80
100356,27.15,21.78,20.80,20.31,20.31,20.80
100462,26.66,21.78,20.80,20.31,20.31,20.80
100570,27.15,21.78,20.80,20.31,20.31,20.80
100676,27.15,21.78,20.80,20.31,20.80,20.80
100783,27.15,21.78,20.80,20.31,20.31,20.80
100890,27.15,21.78,20.80,20.31,20.31,20.80
100997,27.15,21.78,20.80,20.31,20.80,20.80
101103,27.15,21.78,20.80,20.31,20.31,20.80
101211,27.15,21.78,20.80,20.31,20.80,20.80
101321,27.15,21.78,20.80,20.31,20.31,20.80
101428,27.15,21.78,20.80,20.31,20.80,20.80
101535,27.15,21.78,20.80,20.31,20.31,20.80
101642,27.15,21.78,20.80,20.31,20.31,20.80
101748,27.15,21.78,20.80,20.31,20.31,20.80
101856,27.15,21.78,21.29,20.31,20.31,20.80
101962,27.15,21.78,20.80,20.31,20.31,20.80
102069,27.15,22.27,20.80,20.31,20.31,20.80
102176,27.15,21.78,20.80,20.31,20.31,20.80
102283,27.15,21.78,20.80,20.31,20.31,20.80
102389,27.15,22.27,20.80,20.31,20.31,20.80
102497,27.15,21.78,20.80,20.31,20.80,20.80
102607,27.15,21.78,20.80,20.31,20.31,20.80
102714,27.15,21.78,20.80,20.31,20.31,20.80
102821,27.15,22.27,20.80,20.31,20.31,20.80
102928,27.15,22.27,20.80,20.31,20.31,20.80
103034,27.15,22.27,20.80,20.31,20.80,20.80
103142,27.15,21.78,20.80,20.31,20.31,20.80
103248,27.15,21.78,20.80,20.31,20.80,20.80
103355,27.15,21.78,20.80,20.31,20.31,20.80
103462,27.15,21.78,20.80,20.31,20.80,20.80
103569,27.15,21.78,20.80,20.31,20.31,20.80
103675,27.15,21.78,20.80,20.31,20.31,20.80
103787,27.15,22.27,20.80,20.31,20.80,20.80
103894,27.15,21.78,20.80,20.31,20.31,20.80
104000,27.15,22.27,20.80,20.31,20.31,20.80
104108,27.15,22.27,20.80,20.31,20.80,20.80
104214,27.15,22.27,20.80,20.31,20.80,20.80
104321,27.15,22.27,20.80,20.31,20.31,20.80
104428,27.15,22.27,20.80,20.31,20.80,20.80
104535,27.15,22.27,20.80,20.31,20.31,20.80
104641,27.15,22.27,20.80,20.31,20.31,20.80
104749,27.15,22.27,20.80,20.31,20.31,20.80
104855,27.15,22.27,20.80,20.31,20.31,20.80
104962,27.15,22.27,21.29,20.31,20.80,20.80
105073,27.15,22.27,20.80,20.31,20.31,20.80
105180,27.15,22.27,20.80,20.31,20.31,20.80
105286,27.15,22.27,20.80,20.31,20.80,20.80
105394,27.15,22.27,20.80,20.31,20.31,20.80
105500,27.15,22.27,20.80,20.31,20.80,20.80
105607,27.15,22.27,20.80,20.31,20.31,20.80
105714,27.15,22.27,20.80,20.31,20.31,20.80
105821,27.15,22.27,20.80,20.31,20.80,20.80
105927,27.15,22.27,20.80,20.31,20.31,20.80
106035,27.15,22.27,20.80,20.31,20.31,20.80
106141,27.15,22.27,20.80,20.31,20.80,20.80
106248,27.15,22.27,20.80,20.31,20.31,20.80
106359,27.15,22.27,20.80,20.31,20.80,20.80
106466,27.15,22.27,20.80,20.31,20.31,20.80
106572,27.15,22.27,20.80,20.31,20.31,20.80
106680,27.15,22.27,20.80,20.31,20.80,20.80
106786,27.15,22.27,20.80,20.31,20.80,20.80
106893,27.15,22.27,20.80,20.31,20.80,20.80
107000,27.15,22.27,20.80,20.31,20.31,20.80
107107,27.15,22.27,20.80,20.31,20.31,20.80
107213,27.15,22.27,20.80,20.31,20.80,20.80
107321,27.15,22.27,21.29,20.31,20.31,20.80
107427,27.15,22.27,21.29,20.31,20.31,20.80
107538,27.15,22.27,20.80,20.31,20.80,20.80
107645,27.15,22.27,20.80,20.31,20.31,20.80
107752,27.15,22.27,20.80,20.31,20.80,20.80
107858,27.15,22.27,20.80,20.31,20.80,20.80
107966,27.15,22.27,21.29,20.31,20.31,20.80
108072,27.15,22.27,21.29,20.31,20.31,20.80
108180,27.15,22.27,21.29,20.31,20.31,20.80
108286,27.15,22.27,20.80,20.31,20.31,20.80
108393,27.15,22.27,20.80,20.31,20.80,20.80
108500,27.15,22.27,20.80,20.31,20.31,20.80
108607,27.15,22.27,21.29,20.31,20.31,20.80
108713,27.15,22.27,20.80,20.31,20.80,20.80
108825,27.15,22.27,20.80,20.31,20.80,20.80
108932,27.15,22.27,21.29,20.31,20.31,20.80
109038,27.15,22.27,21.29,20.31,20.80,20.80
109146,27.15,22.27,21.29,20.31,20.31,20.80
109252,27.15,22.27,21.29,20.31,20.80,20.80
109359,27.15,22.27,20.80,20.31,20.80,20.80
109466,27.15,22.27,20.80,20.31,20.31,20.80
109573,27.15,22.27,21.29,20.31,20.31,20.80
109679,27.15,22.27,20.80,20.31,20.31,20.80
109787,27.15,22.27,20.80,20.31,20.80,20.80
109893,27.15,22.27,21.29,20.31,20.31,20.80
110000,27.15,22.27,20.80,20.31,20.80,20.80
110111,27.15,22.27,21.29,20.31,20.31,20.80
110218,27.15,22.27,20.80,20.31,20.80,20.80
110324,27.15,22.27,20.80,20.31,20.31,20.80
110432,27.15,22.27,21.29,20.31,20.80,20.80
110538,27.15,22.27,20.80,20.80,20.31,20.80
110645,27.15,22.27,21.29,20.31,20.80,20.80
110752,27.15,22.27,20.80,20.31,20.31,20.80
110859,27.15,22.27,20.80,20.31,20.31,20.80
110965,27.15,22.27,21.29,20.31,20.31,20.80
111073,27.15,22.27,21.29,20.31,20.80,20.80
111179,27.15,22.27,20.80,20.31,20.31,20.80
111290,27.15,22.27,20.80,20.31,20.80,20.80
111397,27.15,22.27,21.29,20.31,20.80,20.80
111504,27.15,22.27,20.80,20.31,20.31,20.80
111610,27.15,22.27,21.29,20.31,20.31,20.80
111718,27.15,22.27,21.29,20.31,20.31,20.80
111824,27.15,22.27,21.29,20.31,20.31,20.80
111932,27.15,22.27,21.29,20.31,20.80,20.80
112038,27.15,22.27,21.29,20.31,20.80,20.80
112145,27.15,22.27,21.29,20.31,20.31,20.80
112252,27.15,22.27,21.29,20.31,20.31,20.80
112359,27.15,22.27,20.80,20.31,20.80,20.80
112465,27.15,22.27,21.29,20.31,20.31,20.80
112577,27.15,22.27,21.29,20.31,20.31,20.80
112684,27.15,22.27,20.80,20.31,20.80,20.80
112790,27.15,22.27,21.29,20.31,20.31,20.80
112898,27.15,22.27,21.29,20.31,20.31,20.80
113004,27.15,22.27,21.29,20.31,20.80,20.80
113111,27.15,22.27,21.29,20.31,20.31,20.80
113218,27.15,22.27,21.29,20.31,20.80,20.80
113325,27.15,22.27,21.29,20.31,20.31,20.80
113431,27.15,22.27,21.29,20.31,20.80,20.80
113539,27.15,22.27,21.29,20.31,20.31,20.80
113645,27.15,22.27,21.29,20.31,20.80,20.80
113752,27.15,22.27,21.29,20.31,20.80,20.80
113863,27.15,22.27,21.29,20.80,20.31,20.80
113970,27.15,22.27,21.29,20.31,20.31,20.80
114076,27.15,22.27,21.29,20.31,20.31,20.80
114184,27.15,22.27,21.29,20.31,20.31,20.80
114290,27.15,22.27,21.29,20.31,20.80,20.80
114397,27.15,22.27,21.29,20.31,20.31,20.80
114504,27.15,22.27,21.29,20.31,20.31,20.80
114611,26.66,22.27,21.29,20.31,20.31,20.80
114718,27.15,22.27,21.29,20.31,20.80,20.80
114825,27.15,22.27,21.29,20.31,20.31,20.80
114931,26.66,22.27,21.29,20.31,20.31,20.80
115043,26.66,22.27,21.29,20.31,20.80,20.80
115149,26.66,22.27,21.29,20.31,20.31,20.80
115256,26.66,22.27,21.29,20.31,20.31,20.80
115363,26.66,22.27,21.29,20.31,20.80,20.80
115470,26.66,22.27,21.29,20.31,20.31,20.80
115576,27.15,22.27,21.29,20.31,20.31,20.80
115684,26.66,22.27,21.29,20.31,20.80,20.80
115790,26.66,22.27,21.29,20.31,20.31,20.80
115897,26.66,22.27,21.29,20.80,20.80,20.80
116004,26.66,22.27,21.29,20.31,20.31,20.80
116111,26.66,22.27,21.29,20.80,20.31,20.80
116217,26.66,22.27,21.29,20.31,20.31,20.80
116329,26.66,22.27,21.29,20.31,20.31,20.80
116435,26.66,22.27,21.29,20.31,20.31,20.80
116542,26.66,22.27,21.29,20.80,20.31,20.80
116649,26.66,22.27,21.29,20.31,20.31,20.80
116756,26.66,22.27,21.29,20.31,20.31,20.80
116862,26.66,22.27,21.29,20.31,20.31,20.80
116970,26.66,22.27,21.29,20.31,20.31,20.80
117076,26.66,22.27,21.29,20.31,20.31,20.80
117183,26.66,22.27,21.29,20.31,20.31,20.80
117291,26.66,22.27,21.29,20.31,20.31,20.80
117397,26.66,22.27,21.29,20.31,20.80,20.80
117508,26.66,22.27,21.29,20.31,20.31,20.80
117615,26.66,22.27,21.29,20.31,20.80,20.80
117722,26.66,22.27,21.29,20.31,20.80,20.80
117828,26.66,22.27,21.29,20.31,20.80,20.80
117936,26.66,22.27,21.29,20.31,20.80,20.80
118042,26.66,22.27,21.29,20.31,20.31,20.80
118150,26.66,22.27,21.29,20.31,20.80,20.80
118256,26.66,22.27,21.29,20.31,20.31,20.80
118363,26.66,22.27,21.29,20.31,20.31,20.80
118470,26.66,22.27,21.29,20.31,20.31,20.80
118577,26.66,22.27,21.29,20.31,20.80,20.80
118683,26.66,22.75,21.29,20.31,20.80,20.80
118795,26.66,22.75,21.29,20.31,20.80,20.80
118901,26.66,22.27,21.29,20.31,20.80,20.80
119008,26.66,22.27,21.29,20.31,20.80,20.80
119115,26.66,22.27,21.29,20.31,20.31,20.80
119222,26.66,22.27,21.29,20.80,20.31,20.80
119328,26.66,22.75,21.29,20.31,20.80,20.80
119436,26.66,22.27,21.29,20.80,20.31,20.80
119542,26.66,22.27,21.29,20.31,20.31,20.80
119649,26.66,22.27,21.29,20.31,20.31,20.80
119756,26.66,22.27,21.29,20.31,20.31,20.80
119863,26.66,22.27,21.29,20.31,20.80,20.80
119969,26.66,22.27,21.29,20.31,20.80,20.80
120081,26.66,22.27,21.29,20.31,20.31,20.80
