Time(ms),Temp1,Temp2,Temp3,Temp4,Temp5,Ambient
5348,21.78,20.80,20.80,20.80,20.80,20.80
6354,21.78,20.31,20.80,20.80,20.80,20.31
7361,21.78,20.80,20.80,20.31,20.80,20.31
8368,21.78,20.31,20.80,20.31,20.80,20.31
9374,21.78,20.80,20.80,20.31,20.80,20.31
10382,21.78,20.31,20.80,20.80,20.31,20.31
11388,21.78,20.80,20.80,20.80,20.80,20.31
12395,21.78,20.80,20.80,20.31,20.80,20.31
13402,21.78,20.31,20.80,20.80,20.80,20.31
14408,21.78,20.31,20.80,20.80,20.80,20.31
15416,21.78,20.80,20.80,20.80,20.31,20.31
16437,21.78,20.31,20.80,20.80,20.80,20.31
17444,21.78,20.31,20.80,20.80,20.80,20.31
18451,21.78,20.31,20.80,20.80,20.31,20.31
19458,21.78,20.31,20.80,20.80,20.80,20.31
20464,21.78,20.80,20.80,20.80,20.80,20.31
21471,21.78,20.31,20.80,20.80,20.31,20.31
22478,21.78,20.31,20.80,20.31,20.80,20.31
23485,21.78,20.80,20.80,20.80,20.80,20.31
24492,21.78,20.80,20.80,20.80,20.80,20.31
25498,23.24,21.78,21.78,21.78,20.80,20.80
26505,22.75,21.29,21.78,21.29,19.34,20.80
27512,22.27,21.29,21.78,20.80,20.31,20.31
28523,22.75,21.29,21.78,21.29,19.34,20.80
29530,22.75,21.29,21.29,21.29,19.34,20.31
30536,22.75,21.29,21.29,21.29,20.31,20.31
31543,22.75,21.29,21.78,20.80,19.82,20.80
32550,22.75,21.78,21.78,20.80,20.80,20.31
33557,23.24,21.29,21.78,20.80,20.31,20.80
34564,23.24,21.29,21.78,20.80,19.82,20.80
35570,23.24,21.78,21.29,21.29,20.80,19.82
36577,23.24,21.78,21.29,20.80,20.80,20.31
37584,23.73,21.29,21.78,21.29,19.34,20.80
38591,23.24,21.78,21.78,20.80,20.80,20.31
39598,23.73,21.78,21.29,20.80,20.80,19.82
40608,23.73,21.78,21.29,20.80,20.80,20.31
41615,23.73,21.78,21.29,21.29,20.31,20.31
42622,23.73,21.78,21.78,20.80,20.80,20.31
43629,24.22,21.29,21.78,21.29,19.34,20.31
44636,23.73,21.78,21.29,20.80,20.80,20.31
45642,24.22,21.78,21.29,21.29,20.31,19.82
46649,24.71,21.78,21.78,21.29,19.34,20.31
47656,24.22,21.29,21.78,21.29,19.34,20.80
48663,24.22,21.29,21.78,21.29,19.34,20.31
49670,24.22,21.29,21.29,21.29,19.34,20.31
50676,23.73,20.80,20.80,20.31,20.80,20.31
51684,23.73,20.80,20.80,20.80,20.80,20.31
52695,23.73,20.80,20.80,20.80,20.31,20.31
53701,24.22,21.29,21.29,20.80,21.29,20.80
54708,23.73,20.80,20.80,20.80,20.80,20.31
55714,23.73,20.80,20.80,20.80,20.31,20.31
56721,23.73,20.80,20.80,20.80,20.80,20.31
57729,23.73,20.80,20.80,20.31,20.31,20.31
58735,23.73,20.80,20.80,20.80,20.80,20.31
59742,23.73,20.80,20.80,20.31,20.80,20.31
60748,23.73,20.80,20.80,20.31,20.80,19.82
61755,23.73,20.80,20.80,20.80,20.31,20.31
62763,23.73,20.80,20.80,20.80,20.31,20.31
63769,23.73,20.80,20.80,20.80,20.80,20.31
64780,23.24,20.80,20.80,20.31,20.80,20.31
65786,23.24,20.80,20.80,20.31,20.31,20.31
66793,23.24,20.80,20.80,20.31,20.80,20.31
67800,23.24,20.80,20.80,20.31,20.31,20.31
68807,23.24,20.80,20.80,20.31,20.80,20.31
69814,23.24,21.29,20.80,20.80,20.80,20.31
70820,23.73,21.29,20.80,20.80,20.80,20.31
71827,23.24,21.29,20.80,20.80,20.31,20.31
72834,23.24,21.29,20.80,20.80,20.31,20.31
73841,23.24,21.29,20.80,20.80,20.31,20.31
74848,23.24,20.80,20.80,20.80,20.80,19.82
75854,24.22,21.78,21.29,21.29,19.34,19.82
76865,24.22,22.27,21.78,20.80,20.80,20.31
77872,24.22,21.78,21.78,21.29,19.34,20.31
78879,24.22,21.78,21.78,20.80,19.82,20.80
79886,24.22,21.78,21.78,21.29,19.34,20.31
80892,24.22,21.78,21.78,21.29,19.34,19.82
81899,24.22,22.27,21.29,20.80,20.31,19.82
82907,24.71,22.27,21.29,21.29,20.31,19.82
83913,24.71,22.27,21.78,20.80,20.31,20.31
84920,24.22,21.78,21.78,20.80,20.31,20.31
85926,24.71,21.78,21.78,20.80,19.82,20.80
86933,24.71,21.78,21.29,20.80,20.31,19.82
87941,24.71,21.78,21.78,20.80,19.34,20.80
88951,24.71,21.78,21.78,20.80,19.34,20.31
89958,25.20,21.78,21.78,21.29,19.82,19.82
90964,25.20,22.27,21.78,21.29,19.82,19.82
91971,25.20,22.27,21.78,20.80,20.80,19.82
92979,25.20,21.78,21.78,20.80,19.82,20.80
93985,25.20,22.27,21.78,21.29,20.31,19.82
94992,25.20,21.78,21.78,21.29,20.31,19.82
95998,25.20,22.27,21.29,21.29,20.31,19.82
97006,25.20,22.27,21.78,20.80,19.82,20.31
98013,25.68,22.27,21.78,21.29,19.34,20.31
99019,25.68,22.27,21.78,20.80,19.82,20.31
100026,25.68,22.27,21.78,20.80,19.82,20.31
101037,24.71,21.29,20.80,20.31,20.80,20.31
102044,24.71,21.29,20.80,20.80,20.31,20.31
103051,24.71,21.29,20.80,20.80,20.31,19.82
104057,25.20,21.29,20.80,20.80,20.80,20.31
105064,24.71,21.29,20.80,20.80,20.80,20.31
106072,24.71,21.29,20.80,20.80,20.31,20.31
107078,25.20,21.29,20.80,20.80,20.80,20.31
108085,24.71,21.29,20.80,20.80,20.80,20.31
109091,24.71,21.78,20.80,20.80,20.80,19.82
110099,24.71,21.29,20.80,20.80,20.31,19.82
111106,24.71,21.29,20.80,20.80,20.80,20.31
112116,24.71,21.29,20.80,20.80,20.80,20.31
113123,24.71,21.78,20.80,20.80,20.31,19.82
114129,24.71,21.29,21.29,20.80,20.80,20.31
115137,24.71,21.78,20.80,20.80,20.80,20.31
116144,24.71,21.78,21.29,20.80,20.80,19.82
117150,24.22,21.78,20.80,20.80,20.80,19.82
118157,24.71,21.78,21.29,20.80,20.80,20.31
119164,24.71,21.78,20.80,20.80,20.80,19.82
120171,24.22,21.78,20.80,20.80,20.80,19.82
121178,24.71,21.78,21.29,20.80,20.80,19.82
122184,24.71,21.78,21.29,20.80,20.80,19.82
123191,24.71,21.78,20.80,20.31,20.80,19.82
124203,24.71,21.78,21.29,20.80,20.80,20.31
125209,24.22,21.78,20.80,20.31,20.31,20.31
126216,25.20,22.27,21.78,20.80,19.34,20.80
127222,25.20,22.75,21.78,21.29,20.31,19.82
128230,25.20,22.27,21.78,20.80,19.34,20.80
129236,25.20,22.75,21.78,20.80,20.31,20.31
130243,25.20,22.27,21.78,20.80,19.82,20.80
131250,25.20,22.75,21.78,20.80,20.80,19.82
132257,25.20,22.27,21.78,21.29,19.34,20.31
133264,25.20,22.27,21.78,21.29,19.34,20.31
134270,25.68,22.75,21.78,20.80,19.34,20.80
135277,25.20,22.75,21.78,20.80,20.80,20.31
136289,25.68,22.75,21.78,21.29,19.82,20.31
137295,25.68,22.75,21.78,20.80,20.80,20.31
138302,25.68,22.75,21.78,21.29,20.31,19.82
139309,25.68,22.75,21.78,21.29,19.82,20.31
140316,26.17,22.75,22.27,20.80,19.34,20.80
141323,26.17,22.27,22.27,21.29,19.34,20.80
142329,26.17,22.27,21.78,21.29,19.82,19.82
143336,26.17,22.75,21.78,21.29,19.82,19.82
144344,26.17,22.75,21.78,21.29,20.80,19.82
145350,26.17,22.75,21.78,20.80,20.80,20.31
146357,26.17,22.75,21.78,21.29,19.34,20.31
147367,26.17,22.75,22.27,20.80,20.31,20.31
148375,26.66,22.75,21.78,21.29,19.34,20.31
149382,26.66,22.75,21.78,21.29,19.34,20.31
150388,26.66,22.75,21.78,21.29,19.34,20.80
151395,25.68,21.78,21.29,20.80,20.80,19.82
152402,25.68,21.78,21.29,20.80,20.31,20.31
153409,25.68,21.78,21.29,20.80,20.80,20.31
154416,25.68,21.78,21.29,20.80,20.80,19.82
155422,25.68,21.78,21.29,20.80,20.80,19.82
156430,25.68,22.27,21.29,20.80,20.80,20.31
157436,25.68,21.78,21.29,20.80,20.31,19.82
158443,25.68,22.27,21.29,20.80,20.80,20.31
159454,25.68,22.27,21.29,20.80,20.80,20.31
160461,25.68,22.27,21.29,20.80,20.31,20.31
161468,25.68,21.78,21.29,20.80,20.80,20.31
162475,25.68,22.27,21.29,20.80,20.80,19.82
163481,25.68,22.27,21.29,20.80,20.80,19.82
164488,25.68,22.27,21.29,20.80,20.80,19.82
165495,25.20,22.27,21.29,20.80,20.31,20.31
166502,25.68,22.27,21.29,20.80,20.31,19.82
167508,25.68,22.27,21.29,20.80,20.80,20.31
168515,25.20,22.27,21.29,20.80,20.31,20.31
169523,25.20,22.27,21.29,20.80,20.80,20.31
170529,25.20,22.27,21.29,20.80,20.80,19.82
171540,25.20,22.27,21.29,20.80,20.80,19.82
172547,25.20,22.27,21.29,20.80,20.80,20.31
173554,25.20,22.27,21.29,20.80,20.80,20.31
174561,25.20,22.27,21.29,20.80,20.80,20.31
175567,25.20,22.27,21.29,20.80,20.80,20.31
176574,26.17,23.24,21.78,21.29,19.82,20.31
177582,26.17,23.24,21.78,21.29,20.80,19.82
178588,26.17,23.24,22.27,21.29,20.80,19.82
179595,25.68,23.24,22.27,20.80,20.80,20.31
180601,26.17,23.24,22.27,20.80,19.82,20.80
181609,26.17,23.24,22.27,21.29,19.34,20.31
182620,26.17,23.24,22.27,20.80,20.31,20.31
183626,26.17,22.75,22.27,21.29,19.34,20.80
184633,26.17,23.24,22.27,21.78,19.82,19.82
185640,26.17,23.24,22.27,21.78,19.82,19.82
186647,26.17,23.24,22.27,21.78,19.34,20.31
187654,26.66,23.24,22.27,21.29,20.80,19.82
188660,26.17,23.24,22.27,21.29,20.80,19.82
189668,26.66,23.24,22.27,21.29,19.34,20.31
190674,26.66,23.24,22.27,21.29,19.34,20.31
191681,26.66,23.24,22.27,20.80,20.31,20.31
192689,26.66,23.24,22.27,21.29,20.31,19.82
193695,27.15,23.24,22.27,21.29,19.34,20.31
194706,26.66,23.24,22.27,21.78,19.82,19.82
195713,26.66,23.24,22.27,21.29,20.80,19.82
196720,27.15,23.24,22.27,21.29,19.34,20.31
197727,27.15,23.24,22.27,21.29,19.34,20.31
198733,27.15,23.24,22.27,21.29,19.34,20.31
199740,27.15,23.24,22.27,21.29,20.80,19.82
200748,27.15,23.24,22.27,21.29,19.34,20.31
201754,26.17,22.27,21.29,20.80,20.80,20.31
202761,26.17,22.27,21.29,20.80,20.80,19.82
203767,26.66,22.27,21.29,20.80,20.80,19.82
204775,26.66,22.27,21.78,20.80,20.80,19.82
205786,26.66,22.27,21.78,20.80,20.80,19.82
206792,26.17,22.27,21.29,20.80,20.80,19.82
207799,26.66,22.27,21.29,20.80,20.80,19.82
208806,26.17,22.27,21.29,20.80,20.80,19.82
209813,26.17,22.75,21.78,20.80,21.29,19.82
210820,26.17,22.27,21.78,21.29,20.80,19.82
211826,26.17,22.27,21.78,20.80,20.80,19.82
212834,26.17,22.75,21.78,20.80,20.80,19.82
213840,26.17,22.75,21.78,20.80,20.80,19.82
214847,26.17,22.75,21.78,20.80,20.80,19.82
215854,26.17,22.75,21.78,20.80,20.80,19.82
216861,26.17,22.27,21.78,22.27,20.80,19.82
217872,26.17,22.75,21.78,20.80,20.80,19.82
218878,26.17,22.75,21.78,20.80,20.80,19.82
219885,26.17,22.75,21.78,20.80,20.80,19.82
220892,26.17,22.75,21.78,20.80,20.80,20.31
221899,26.17,22.75,21.78,21.29,20.80,19.82
222906,25.68,22.75,21.78,20.80,21.29,19.82
223912,26.17,22.75,21.78,20.80,20.80,19.82
224919,25.68,22.75,21.78,20.80,20.80,19.82
225927,25.68,22.75,21.78,21.29,20.80,20.31
226933,26.66,23.73,22.75,21.29,19.34,20.31
227940,26.66,23.73,22.75,21.29,20.80,20.31
228947,26.66,23.73,22.27,21.29,20.80,20.31
229958,27.15,23.73,22.75,21.78,20.80,19.82
230965,26.66,23.73,22.75,21.78,19.82,19.82
231971,26.66,23.73,22.75,21.29,20.80,19.82
232978,26.66,23.73,22.75,21.29,20.31,20.31
233986,26.66,23.73,22.75,21.29,20.31,20.31
234992,26.66,23.73,22.75,21.29,20.80,20.31
235999,26.66,23.73,22.27,21.29,21.29,19.82
237006,27.15,23.73,22.75,21.78,19.82,20.31
238013,27.15,23.24,22.75,21.78,19.82,19.82
239020,27.15,23.73,22.75,21.78,20.80,19.82
240026,27.15,23.73,22.75,21.78,20.31,19.82
241038,27.15,23.73,22.75,21.29,20.31,20.31
242044,27.15,23.73,22.75,21.78,19.34,20.31
243051,27.64,23.73,22.75,21.78,19.82,20.31
244058,27.64,23.73,22.75,21.78,19.82,20.31
245065,27.64,23.73,22.75,21.78,20.80,19.82
246072,27.64,23.73,22.75,21.78,19.34,20.31
247078,27.64,23.73,22.75,21.29,20.80,19.82
248085,27.64,23.73,22.75,21.78,19.82,20.31
249093,27.64,23.73,22.75,22.27,19.82,20.31
250099,28.12,23.73,22.75,21.78,19.34,20.31
251106,27.64,23.73,22.75,21.78,19.34,20.31
252112,27.15,22.75,21.78,21.29,20.80,19.82
253124,27.15,23.24,21.78,21.29,21.29,19.82
254131,27.15,22.75,21.78,21.29,21.29,20.31
255137,26.66,22.75,22.27,21.29,21.29,20.31
256145,27.15,22.75,22.27,21.29,21.29,20.31
257152,27.15,23.24,22.27,21.29,21.29,20.31
258158,27.15,23.24,21.78,21.29,21.29,19.82
259165,27.15,23.24,22.27,21.29,21.29,20.31
260172,27.15,23.24,21.78,21.29,20.80,19.82
261179,27.15,23.24,22.27,21.29,21.29,20.31
262185,27.15,23.24,22.27,21.29,21.29,19.82
263192,27.15,23.24,21.78,21.29,20.80,20.31
264200,26.66,23.24,22.27,21.29,20.80,19.82
265210,26.66,23.24,21.78,21.29,20.80,19.82
266217,26.66,23.24,22.27,21.29,21.29,19.82
267224,26.66,23.24,22.27,21.29,21.29,20.31
268231,26.66,23.24,22.27,21.29,21.29,19.82
269238,26.66,23.24,22.27,21.29,21.29,19.82
270244,26.66,23.24,22.27,21.29,20.80,19.82
271251,26.66,23.24,22.27,21.29,21.29,19.82
272259,26.66,23.24,22.27,21.29,21.29,19.82
273265,26.66,23.24,22.27,21.29,21.29,20.31
274272,26.66,23.24,22.27,21.29,21.29,19.82
275278,26.17,23.24,22.27,21.29,21.29,19.82
276290,26.17,23.24,22.27,21.29,21.29,19.82
277297,27.15,24.22,23.24,21.78,19.82,20.31
278303,27.15,24.22,22.75,21.78,20.80,19.82
279311,27.15,24.22,22.75,21.78,20.80,19.82
280317,27.15,24.22,23.24,22.27,20.31,19.82
281324,27.15,24.22,23.24,22.27,20.31,19.82
282331,27.15,24.22,23.24,22.27,19.82,20.31
283338,27.15,24.22,23.24,22.27,19.82,20.31
284345,27.15,24.22,23.24,22.27,19.82,19.82
285351,27.64,24.22,23.24,22.27,20.80,19.82
286358,27.64,24.22,23.24,22.27,20.31,19.82
287366,27.64,24.22,23.24,21.78,20.31,20.31
288376,27.64,24.22,22.75,22.27,20.31,19.82
289383,27.64,24.22,23.24,21.78,21.29,20.31
290391,27.64,24.22,23.24,21.78,20.80,20.31
291397,27.64,24.22,23.24,21.29,20.80,20.31
292404,28.12,24.22,23.24,21.78,19.82,20.31
293410,27.64,24.22,23.24,21.78,19.82,20.31
294418,28.12,24.22,23.24,21.78,20.80,20.31
295425,28.12,24.71,23.24,21.78,21.29,19.82
296431,28.12,24.22,23.24,21.78,21.29,20.31
297438,28.12,24.22,23.24,22.27,19.82,20.31
298445,28.12,24.22,23.24,22.27,19.82,20.31
299452,28.12,24.22,23.24,21.78,21.29,19.82
300463,28.12,24.22,23.24,21.78,20.31,20.31
301469,28.61,24.22,23.24,22.27,20.31,19.82
302477,27.64,23.73,22.27,21.29,21.29,20.31
303483,27.64,23.73,22.27,21.29,21.29,19.82
304490,27.64,23.73,22.27,21.29,21.29,20.31
305498,27.64,23.24,22.27,21.78,21.29,19.82
306504,27.64,23.24,22.75,21.78,21.29,19.82
307511,27.64,23.73,22.27,21.78,21.29,19.82
308517,27.64,23.73,22.27,21.78,21.29,19.82
309525,27.64,23.73,22.27,21.78,21.29,19.82
310532,27.64,23.73,22.75,21.78,21.29,19.82
311542,27.64,23.73,22.27,21.78,21.29,20.31
312549,27.15,23.73,22.27,21.78,21.29,19.82
313556,27.15,23.73,22.75,21.29,21.29,19.82
314563,27.15,23.73,22.27,21.29,21.29,19.82
315570,27.15,23.73,22.75,21.78,21.29,19.82
316577,27.15,23.73,22.27,21.78,21.29,19.82
317584,27.15,23.73,22.27,21.78,21.29,19.82
318590,27.15,23.73,22.27,21.78,21.29,20.31
319597,27.15,23.73,22.27,21.29,21.29,19.82
320605,27.15,23.73,22.75,21.78,21.29,19.82
321611,27.15,23.73,22.75,21.78,21.29,19.82
322618,27.15,23.73,22.27,21.78,21.29,19.82
323629,27.15,23.73,22.27,21.78,21.29,19.82
324636,26.66,23.73,22.27,21.78,21.29,19.82
325643,26.66,23.73,22.75,21.78,21.29,19.34
326649,26.66,23.73,22.75,21.78,21.78,19.82
327656,27.64,24.71,23.24,22.27,21.29,19.82
328664,27.64,24.22,23.24,21.78,20.31,20.31
329670,27.64,24.71,23.24,21.78,20.31,20.31
330677,27.64,24.71,23.73,22.27,20.31,20.31
331684,27.64,24.71,23.73,22.27,20.31,20.31
332691,27.64,24.71,23.24,21.78,21.29,20.31
333698,28.12,24.71,23.24,22.75,20.31,19.82
334708,27.64,24.71,23.73,22.27,20.31,20.31
335716,27.64,24.71,23.73,21.78,20.80,20.31
336722,28.12,24.71,23.24,22.27,21.78,19.82
337729,28.12,24.71,23.24,22.27,21.29,19.82
338736,28.12,24.71,23.73,22.27,20.31,20.31
339743,28.12,24.71,23.24,22.27,20.80,19.82
340750,28.12,24.71,23.24,22.27,21.78,19.82
341756,28.12,24.71,23.73,21.78,20.80,20.31
342763,28.61,24.71,23.73,22.27,20.31,19.82
343771,28.61,24.71,23.73,22.75,20.80,19.82
344777,28.61,24.71,23.73,22.27,20.31,20.31
345784,28.61,24.71,23.73,21.78,20.80,20.31
346796,28.61,24.71,23.73,22.27,20.31,20.31
347802,28.61,24.71,23.73,22.27,20.31,20.31
348809,28.61,24.71,23.73,22.27,20.80,20.31
349815,28.61,24.71,23.73,22.27,20.31,20.31
350823,29.10,24.71,23.73,22.27,20.31,20.31
351830,28.61,24.71,23.73,21.78,20.80,20.31
352836,28.12,24.22,22.75,21.78,21.78,19.82
353844,28.12,24.22,22.75,21.78,21.78,19.82
354850,28.12,24.22,22.75,21.78,21.78,19.82
355857,28.12,23.73,22.75,21.78,21.78,20.31
356864,28.12,23.73,22.75,21.78,21.78,19.82
357871,28.12,24.22,22.75,21.78,21.78,19.82
358882,28.12,24.22,22.75,21.78,21.29,19.82
359888,28.12,23.73,22.75,22.27,21.78,19.82
360895,28.12,24.22,22.75,21.78,21.78,19.82
361903,28.12,24.22,22.75,21.78,21.78,19.82
362909,28.12,24.22,22.75,21.78,21.78,19.82
363916,27.64,24.22,23.24,21.78,21.78,19.82
364922,27.64,24.22,22.75,21.78,21.78,20.31
365930,28.12,24.22,22.75,21.78,21.78,19.82
366937,27.64,24.22,22.75,21.78,21.78,19.82
367943,27.64,24.22,22.75,22.27,21.78,19.82
368950,27.64,24.22,23.24,21.78,21.78,19.82
369961,27.64,24.22,22.75,21.78,21.78,19.82
370968,27.64,24.22,22.75,21.78,21.78,20.31
371975,27.64,24.22,22.75,21.78,21.78,20.31
372981,27.64,24.22,22.75,22.27,21.78,19.82
373989,27.64,24.22,22.75,22.27,21.78,19.82
374995,27.64,24.22,23.24,22.27,21.78,19.82
376002,27.64,24.22,22.75,22.27,21.78,19.82
377010,27.64,24.22,22.75,22.27,21.78,19.82
378016,28.12,25.20,23.73,22.75,21.78,19.82
379023,28.61,25.20,23.73,22.75,21.29,19.82
380029,28.12,25.20,23.73,22.75,20.80,19.82
381037,28.12,25.20,23.73,22.27,21.29,20.31
382048,28.12,25.20,23.73,22.75,20.80,19.82
383054,28.12,25.20,23.73,22.75,20.80,19.82
384061,28.12,25.20,23.73,22.75,21.78,19.82
385068,28.12,25.20,23.73,22.27,21.78,20.31
386075,28.12,25.20,23.73,22.27,21.78,20.31
387082,28.61,25.20,23.73,22.75,21.78,19.82
388088,28.61,25.20,23.73,23.24,21.78,19.82
389096,28.61,25.20,23.73,22.75,21.29,19.82
390103,28.61,25.20,23.73,22.75,20.80,19.82
391109,28.61,25.20,24.22,22.75,20.31,20.31
392116,28.61,25.20,23.73,22.27,21.29,20.31
393123,28.61,25.20,23.73,22.75,20.80,19.82
394134,28.61,25.20,24.22,22.75,20.31,20.31
395141,29.10,25.20,23.73,22.75,20.80,19.82
396147,29.10,25.20,24.22,22.75,20.80,20.31
397154,29.10,25.20,24.22,22.75,20.31,20.31
398161,29.10,25.20,23.73,22.75,21.78,19.82
399168,29.10,25.20,23.73,23.24,20.80,19.82
400175,29.10,25.20,24.22,22.75,20.80,20.31
401181,30.08,25.20,24.22,22.75,20.80,19.82
402189,29.10,25.20,23.73,22.75,21.78,19.82
403195,28.61,24.22,23.24,22.27,21.78,19.82
404202,28.61,24.22,23.24,22.27,21.78,19.82
405213,28.61,24.22,23.24,22.27,22.27,19.82
406220,28.61,24.22,23.24,22.27,21.78,19.82
407227,28.61,24.22,23.24,22.27,21.78,19.82
408233,28.61,24.22,23.24,22.27,22.27,19.82
409241,28.61,24.22,23.24,22.27,22.27,19.82
410248,28.61,24.22,23.24,22.27,21.78,19.82
411254,28.61,24.22,23.24,22.27,21.78,19.82
412261,28.12,24.22,23.24,22.27,21.78,20.31
413268,28.61,24.22,23.24,22.27,21.78,19.82
414275,28.12,24.22,23.24,22.27,21.78,19.82
415282,28.12,24.22,23.24,22.27,21.78,19.82
416288,28.12,24.71,23.24,22.27,22.27,19.82
417300,28.12,24.71,23.24,22.27,21.78,19.82
418307,28.12,24.71,23.24,22.27,22.27,19.82
419313,28.12,24.22,23.24,22.27,22.27,19.82
420320,28.12,24.22,23.24,22.27,22.27,19.82
421327,28.12,24.22,23.24,22.27,22.27,19.82
422334,28.12,24.71,23.24,22.27,22.27,19.82
423341,28.12,24.22,23.24,22.27,21.78,19.82
424348,28.12,24.71,23.24,22.27,21.78,20.31
425355,27.64,24.71,23.24,22.27,22.27,19.82
426361,27.64,24.71,23.24,22.27,22.27,19.82
427368,27.64,24.71,23.24,22.27,21.78,19.82
428376,28.61,25.68,24.22,22.75,21.29,20.31
429386,28.61,25.68,24.22,22.75,22.27,20.31
430393,28.61,25.68,24.22,22.75,21.29,20.31
431399,28.61,25.20,24.22,22.75,20.80,20.31
432407,28.61,25.20,24.22,23.24,20.80,20.31
433414,28.61,25.68,24.22,22.75,22.27,20.31
434420,28.61,25.68,24.22,22.75,20.80,20.31
435428,29.10,25.20,24.22,22.75,22.27,19.82
436434,29.10,25.68,24.22,23.24,21.78,19.82
437441,29.10,25.68,24.22,22.75,22.27,19.82
438448,29.10,25.68,24.22,22.75,21.78,19.82
439455,29.10,25.68,24.22,22.75,21.29,20.31
440466,28.61,25.68,24.71,23.24,22.75,20.80
441473,29.10,25.20,24.22,23.24,20.80,20.31
442479,29.10,25.20,24.22,22.75,20.80,20.31
443487,29.10,25.68,24.22,22.75,21.29,20.80
444493,29.59,25.68,24.22,23.24,22.27,19.82
445500,29.59,25.68,24.22,23.24,21.29,19.82
446507,29.59,25.20,24.22,23.24,21.29,19.82
447514,29.59,25.68,24.71,23.24,20.80,20.31
448521,29.59,25.68,24.22,22.75,21.78,20.31
449527,29.59,25.68,24.22,23.24,21.78,19.82
450534,29.59,25.68,24.22,23.24,22.27,19.82
451542,29.59,25.20,24.22,23.24,21.29,19.82
452552,30.08,25.68,24.22,23.24,22.27,19.82
453559,29.10,24.71,23.73,22.75,22.27,19.82
454565,29.10,24.71,23.73,22.75,22.27,19.82
455573,29.10,24.71,23.73,22.75,22.27,19.82
456580,29.10,24.71,23.24,22.75,22.27,19.82
457586,29.10,24.71,23.73,22.75,22.27,19.82
458593,29.10,24.71,23.73,22.75,22.27,19.82
459600,29.10,24.71,23.73,22.75,22.27,19.82
460607,29.10,24.71,23.73,22.75,22.27,19.82
461614,28.61,24.71,23.73,22.75,22.27,19.82
462620,28.61,24.71,23.73,22.75,22.27,19.82
463632,28.61,24.71,23.73,22.75,22.27,19.82
464638,28.61,24.71,23.73,22.75,22.27,19.82
465645,28.61,24.71,23.73,22.75,22.27,19.82
466653,28.61,24.71,23.73,22.75,22.27,19.82
467659,28.61,24.71,23.73,22.75,22.27,19.82
468666,28.61,24.71,23.73,22.75,22.27,19.82
469672,28.61,24.71,23.73,22.75,22.27,19.82
470680,28.61,24.71,23.73,22.75,22.27,19.82
471687,28.12,24.71,23.73,22.75,22.27,19.82
472693,28.12,24.71,23.73,22.75,22.27,19.82
473700,28.61,24.71,23.73,22.75,22.27,19.82
474707,28.12,24.71,23.73,22.75,22.27,19.82
475718,28.12,24.71,23.73,22.75,22.27,19.82
476725,28.12,24.71,23.73,22.75,22.27,19.82
477732,28.12,24.71,23.73,22.75,22.27,19.82
478739,29.10,25.68,24.22,23.24,21.78,19.34
479746,28.61,25.68,24.22,22.75,21.78,20.31
480752,28.61,25.68,24.22,23.24,20.80,19.82
481760,29.10,25.68,24.22,23.24,22.27,19.34
482766,29.10,25.68,24.71,23.24,20.80,20.31
483773,29.10,25.68,24.22,23.24,22.27,20.31
484780,29.10,25.68,24.22,23.24,21.78,19.82
485787,29.10,25.68,24.71,23.24,20.80,19.82
486794,29.10,25.68,24.71,22.75,21.29,20.31
487804,29.10,25.68,24.22,23.24,22.27,19.82
488811,29.10,25.68,24.22,23.24,21.29,19.82
489819,29.10,25.68,24.22,22.75,22.27,19.82
490825,29.59,25.68,24.71,23.24,22.27,19.82
491832,29.59,25.68,24.22,23.24,21.78,19.34
492838,29.59,25.68,24.71,23.24,20.80,20.31
493846,29.59,25.68,24.22,23.24,22.27,19.82
494853,29.59,25.68,24.22,22.75,22.27,19.82
495859,29.59,25.68,24.22,23.24,20.80,19.82
496866,29.59,25.68,24.22,23.24,21.78,19.34
497873,29.59,25.20,24.71,23.24,20.80,19.82
498884,29.59,25.68,24.22,23.24,21.78,19.34
499891,29.59,25.68,24.22,23.24,20.80,19.82
500897,29.59,25.68,24.71,22.75,21.78,20.31
501905,30.08,25.68,24.71,23.24,20.80,20.31
502912,30.08,25.68,24.71,23.24,20.80,20.31
503918,29.10,24.71,23.73,22.75,22.75,19.82
504925,29.10,25.20,23.73,22.75,22.27,19.82
505932,29.10,24.71,23.73,22.75,22.27,19.82
506939,29.10,24.71,23.73,22.75,22.27,19.82
507945,29.10,25.20,23.73,22.75,22.27,19.82
508953,29.10,25.20,23.73,22.75,22.75,19.82
509960,29.10,25.20,23.73,22.75,22.27,19.82
510970,29.10,24.71,23.73,22.75,22.27,19.82
511977,29.10,25.20,23.73,22.75,22.27,19.82
512984,29.10,25.68,24.22,22.75,22.27,19.82
513991,29.10,25.20,23.73,22.75,22.27,19.82
514998,29.10,25.20,23.73,22.75,22.27,19.82
516004,28.61,25.20,23.73,22.75,22.75,19.82
517011,28.61,25.20,23.73,22.75,22.27,19.82
518019,28.61,25.20,23.73,22.75,22.27,19.82
519025,28.61,25.20,23.73,22.75,22.27,19.82
520032,28.61,25.20,23.73,23.24,23.24,20.31
521039,28.61,25.20,23.73,22.75,22.75,19.82
522046,28.61,25.20,24.22,22.75,22.75,19.82
523057,28.61,25.20,23.73,22.75,22.27,19.82
524063,28.61,25.20,23.73,22.75,22.75,19.82
525070,28.12,25.20,23.73,22.75,22.27,19.82
526077,28.12,25.20,23.73,22.75,22.27,19.82
527084,28.12,25.20,24.22,22.75,22.75,19.82
528091,28.61,25.20,24.22,22.75,22.75,19.82
529098,29.10,25.68,24.71,23.24,21.29,20.31
530105,29.59,26.17,24.71,23.73,22.27,19.82
531111,29.10,26.17,24.71,23.24,21.29,20.31
532118,29.10,26.17,24.71,23.24,22.27,20.31
533126,29.10,26.17,24.71,23.24,21.29,20.31
534136,29.10,26.17,24.71,23.73,22.75,19.82
535143,29.10,26.17,24.71,23.24,21.78,20.31
536150,29.10,26.17,24.71,23.24,22.75,19.82
537157,29.10,26.17,24.71,23.24,22.75,19.82
538164,29.59,26.17,24.71,23.24,22.75,19.82
539170,29.59,25.68,25.20,23.24,21.29,20.31
540177,29.59,26.17,24.71,23.73,22.27,19.34
541185,29.59,26.17,24.71,23.73,22.27,19.34
542191,29.59,26.17,24.71,23.24,22.75,19.82
543198,29.59,26.17,24.71,23.73,22.27,19.82
544205,29.59,26.17,24.71,23.24,22.75,19.82
545212,30.08,26.17,24.71,23.73,21.29,19.82
546223,30.08,26.17,25.20,23.73,21.29,20.31
547229,30.08,26.17,24.71,23.73,21.78,19.82
548237,30.08,26.17,24.71,23.73,22.75,19.82
549243,30.08,26.17,24.71,23.24,22.75,20.31
550250,30.08,26.17,24.71,23.24,22.75,19.82
551257,30.08,26.17,24.71,23.24,22.75,19.82
552264,30.08,25.68,25.20,23.24,21.29,20.31
553271,30.08,26.17,24.71,23.73,22.75,19.82
554277,29.59,25.20,24.22,23.24,22.75,19.82
555284,29.10,25.20,24.22,23.24,22.75,19.82
556292,29.59,25.20,24.22,23.24,22.75,19.82
557298,29.59,25.20,24.22,23.24,22.75,19.82
558309,29.59,25.20,24.22,23.24,22.75,19.82
559315,29.59,25.20,24.22,23.24,22.75,19.82
560323,29.59,25.20,24.22,23.24,22.75,19.82
561330,29.59,25.68,24.22,23.24,22.75,19.82
562336,29.59,25.20,24.22,23.24,22.75,19.82
563343,29.59,25.20,24.22,23.24,22.75,19.82
564350,29.59,25.68,24.22,23.24,22.75,19.82
565357,29.10,25.68,24.22,23.24,22.75,19.82
566364,29.59,25.68,24.22,23.24,22.75,19.82
567370,29.10,25.68,24.22,23.24,22.75,19.82
568378,29.10,25.68,23.73,23.73,23.24,20.31
569389,29.10,25.68,24.22,23.24,22.75,19.82
570395,29.10,25.68,24.22,23.24,22.75,19.82
571402,29.10,25.68,24.22,23.24,22.75,19.82
572409,29.10,25.68,24.22,23.24,22.75,19.82
573416,29.10,25.68,24.22,23.24,22.75,19.82
574423,28.61,25.68,24.22,23.24,22.75,19.82
575429,28.61,25.68,24.22,23.24,22.75,19.82
576437,28.61,25.68,24.22,23.24,22.75,19.82
577443,28.61,25.68,24.22,23.24,23.24,19.82
578450,28.61,25.68,24.22,23.24,23.24,19.82
579457,29.59,26.17,25.20,24.22,22.27,19.82
580464,29.59,26.66,25.20,23.73,22.75,19.82
581475,29.59,26.66,25.20,23.73,22.75,19.82
582481,29.59,26.66,25.20,23.73,22.27,20.31
583489,29.59,26.66,25.20,23.73,22.75,19.34
584496,29.59,26.66,25.20,23.73,22.27,20.31
585502,29.59,26.17,25.20,23.73,21.29,20.31
586509,29.59,26.66,25.20,23.73,21.78,20.31
587516,29.59,26.17,25.20,23.73,21.78,20.31
588523,29.59,26.66,25.20,23.73,22.27,20.31
589530,30.08,26.66,25.20,23.73,22.75,19.82
590536,30.08,26.66,25.20,23.73,23.24,19.82
591544,30.08,26.17,25.20,23.73,21.29,19.82
592555,30.08,26.17,25.20,24.22,22.75,19.34
593561,30.08,26.17,25.20,24.22,21.78,19.82
594568,30.57,26.66,25.20,24.22,22.27,19.82
595575,30.08,26.66,25.20,24.22,22.27,19.82
596582,30.57,26.66,25.20,23.73,23.24,19.82
597588,30.57,26.66,25.20,24.22,22.75,19.82
598595,30.57,26.66,25.20,24.22,21.78,20.31
599603,30.57,26.66,25.20,23.73,21.78,20.31
600609,30.57,26.66,25.20,24.22,22.27,19.82
