Time(ms),Temp1,Temp2,Temp3,Temp4,Temp5,Ambient
5350,26.17,24.71,25.20,25.20,25.20,22.75
6356,25.68,24.71,25.20,25.20,25.20,22.27
7363,25.68,24.71,25.20,25.20,25.20,22.75
8371,25.68,24.71,25.20,25.20,25.20,22.27
9377,25.68,24.71,25.20,25.20,25.20,22.27
10384,25.68,24.71,25.20,25.20,25.20,22.27
11390,25.68,24.71,25.20,25.20,25.20,22.27
12397,25.68,24.71,25.20,25.20,25.20,22.75
13405,25.68,24.71,25.20,25.20,25.20,22.27
14411,25.20,24.22,25.20,25.20,25.20,22.27
15418,25.68,24.71,25.20,25.20,25.20,22.27
16440,25.68,24.71,24.71,25.20,25.20,22.27
17447,25.68,24.71,25.20,25.20,25.20,22.27
18454,25.68,24.71,25.20,25.20,25.20,22.27
19461,26.17,25.20,25.20,24.71,21.78,21.29
20467,26.17,25.20,25.20,24.71,22.27,21.29
21475,26.17,25.20,25.20,24.71,22.27,21.29
22481,26.17,25.20,25.20,24.71,22.27,21.29
23488,26.17,25.20,25.68,24.22,22.27,20.80
24495,26.66,25.20,25.20,24.71,22.27,21.29
25502,26.66,25.20,25.20,24.22,22.27,20.80
26509,26.66,24.71,25.20,24.22,22.27,20.80
27515,26.66,25.20,25.20,24.71,22.27,21.29
28526,26.66,24.71,25.20,24.71,22.27,21.29
29533,26.66,25.20,25.20,24.71,22.27,21.29
30540,27.15,25.20,25.20,24.71,22.75,21.29
31547,27.15,25.20,25.20,24.71,22.27,20.80
32553,27.15,25.20,25.20,24.71,22.27,21.29
33560,27.15,25.20,25.20,24.71,22.27,20.80
34567,27.15,25.20,25.20,24.22,22.27,20.80
35574,27.64,25.20,25.20,24.71,22.27,21.29
36581,27.64,25.20,25.20,24.71,22.27,21.29
37587,27.64,25.20,25.20,24.22,22.27,21.29
38594,27.15,24.71,24.71,25.20,25.20,22.27
39602,27.15,24.71,24.71,25.20,25.20,22.27
40612,27.15,24.71,25.20,25.20,25.20,22.27
41619,27.64,24.71,24.71,25.20,25.20,22.27
42626,27.64,24.71,24.71,25.20,25.20,22.27
43632,27.64,24.71,24.71,25.20,24.71,22.27
44640,27.15,24.71,24.71,25.20,24.71,21.78
45646,27.64,24.71,25.20,25.20,25.20,22.27
46653,27.64,24.71,25.20,25.20,25.20,21.78
47660,27.64,24.71,24.71,25.20,24.71,22.27
48667,27.15,24.71,25.20,24.71,24.71,22.27
49674,27.15,24.71,24.71,24.71,24.71,21.78
50680,27.15,24.71,25.20,25.20,25.20,21.78
51687,27.15,24.71,24.71,25.20,25.20,22.27
52698,27.15,24.71,24.71,24.71,24.71,22.75
53705,27.15,24.71,25.20,25.20,25.20,22.27
54712,27.15,24.71,25.20,25.20,25.20,22.27
55718,27.15,24.71,25.20,24.71,25.20,22.27
56725,27.15,24.71,24.71,24.71,25.20,22.27
57733,27.64,25.68,25.68,24.71,22.27,21.29
58739,27.64,25.20,25.20,24.71,22.75,21.29
59746,27.64,25.20,25.20,24.71,22.27,21.29
60752,27.15,25.20,25.20,24.22,21.78,19.82
61760,27.64,25.20,25.20,24.71,22.75,21.29
62767,27.64,25.20,25.20,24.71,22.27,20.80
63773,27.64,25.20,25.20,24.22,22.75,21.29
64784,28.12,25.68,25.20,24.22,22.27,21.29
65790,28.12,25.20,25.20,24.22,22.27,21.29
66798,28.12,25.20,25.20,24.22,22.27,20.80
67805,28.12,25.20,25.68,24.71,22.27,20.80
68811,28.12,25.20,25.68,24.71,22.27,20.80
69818,28.12,25.68,25.20,24.22,22.27,20.80
70824,28.12,25.68,25.20,24.71,22.27,20.80
71832,28.61,25.68,25.20,24.22,22.27,20.80
72839,28.61,25.68,25.20,24.22,22.27,20.80
73845,28.61,25.20,25.20,24.22,22.27,20.80
74852,28.61,25.68,25.20,24.22,22.27,20.80
75859,28.61,25.68,25.68,24.22,22.75,21.29
76870,28.12,25.20,25.20,24.71,25.20,22.27
77877,28.12,25.20,25.20,24.71,25.20,21.78
78883,28.61,25.20,25.20,24.71,25.20,21.78
79890,28.61,25.20,25.20,24.71,25.20,21.78
80898,28.61,25.20,25.20,24.71,25.20,21.78
81904,28.61,25.20,25.20,24.71,25.20,21.78
82911,28.61,25.20,25.20,24.71,25.20,21.78
83917,28.61,25.20,25.20,24.71,25.20,21.78
84925,28.61,25.20,25.20,24.71,25.20,21.78
85932,28.61,25.20,24.71,24.71,25.20,21.78
86938,28.12,25.20,25.20,24.71,25.20,21.78
87945,28.12,25.20,25.20,25.20,25.20,21.78
88955,28.12,25.20,25.20,24.71,25.20,22.27
89963,28.12,25.20,25.20,24.71,25.20,22.27
90970,28.12,25.20,25.20,24.71,25.20,22.27
91976,28.12,25.20,25.20,24.71,25.20,21.78
92983,28.12,25.20,24.71,24.71,25.20,22.27
93989,28.12,25.20,24.71,24.71,25.20,21.78
94997,28.12,25.20,25.20,24.71,25.20,22.27
96004,28.61,25.68,25.20,24.22,21.78,20.31
97010,28.61,25.68,25.68,24.22,22.27,20.80
98017,28.61,25.68,25.68,24.22,22.75,20.80
99024,28.61,25.68,25.68,24.22,22.27,20.80
100031,28.61,25.68,25.68,24.22,22.27,20.80
101042,28.61,25.68,25.20,24.22,22.27,20.80
102048,28.61,25.68,25.68,24.22,21.78,20.80
103055,28.61,25.68,25.68,24.22,22.27,20.80
104062,28.61,25.68,25.68,24.22,22.75,20.80
105069,29.10,25.68,25.68,24.22,22.27,20.80
106076,29.10,25.68,25.68,24.22,22.27,20.80
107082,28.61,25.68,25.20,24.22,22.27,20.80
108090,29.10,25.68,25.20,24.22,22.27,20.80
109096,29.10,25.68,25.68,24.71,22.27,20.80
110103,29.10,26.17,25.68,24.22,22.27,20.80
111110,29.10,26.17,25.68,24.22,22.27,20.80
112121,29.59,26.17,25.68,24.22,22.27,20.80
113128,29.59,26.17,25.68,24.22,22.27,20.80
114135,29.59,25.68,25.68,24.22,22.27,20.80
115141,29.10,25.68,25.20,24.71,25.20,22.27
116149,29.10,25.68,25.20,24.71,24.71,21.78
117155,29.10,25.68,25.20,24.71,24.71,21.78
118162,29.10,25.68,25.20,24.71,24.71,21.78
119169,29.10,25.68,25.20,24.71,25.20,21.78
120176,29.10,25.68,25.20,24.71,25.20,21.78
121183,29.10,25.68,25.20,24.71,24.71,21.78
122189,29.10,25.68,25.20,24.71,24.71,21.78
123196,29.10,25.68,25.20,24.71,25.20,21.78
124208,29.10,25.68,25.20,24.71,25.20,21.78
125214,29.10,25.68,25.20,24.71,25.20,21.78
126221,29.10,25.68,25.20,24.71,25.20,21.78
127227,29.10,25.68,25.20,24.71,25.20,21.78
128235,29.10,25.68,25.20,24.71,25.20,21.78
129242,29.10,25.68,25.20,24.71,24.71,21.78
130248,29.10,25.68,25.20,24.71,25.20,21.78
131255,28.61,25.68,25.20,24.71,25.20,21.78
132262,28.61,25.68,25.20,24.71,25.20,21.78
133269,28.61,25.68,25.20,24.71,25.20,21.78
134276,29.10,26.17,25.68,24.22,22.27,20.80
135282,29.10,26.17,25.68,24.22,22.27,20.80
136294,29.10,26.17,25.68,24.22,22.27,20.80
137300,29.10,26.17,25.68,24.22,22.27,20.80
138307,29.10,26.17,25.68,24.22,22.27,20.31
139314,29.10,26.17,25.68,24.22,22.27,20.80
140321,29.59,26.17,25.68,24.71,22.27,20.80
141328,29.59,26.17,25.68,24.22,22.27,20.80
142334,29.59,26.17,25.68,24.22,22.27,20.80
143341,29.59,26.17,25.68,24.22,22.27,20.80
144349,29.59,26.17,25.68,24.22,22.27,20.80
145355,29.59,26.17,25.68,24.22,22.27,20.80
146362,29.59,26.17,25.68,24.71,22.27,20.80
147373,29.59,26.17,25.68,24.71,22.27,20.80
148380,29.59,26.17,25.68,24.71,22.75,20.80
149387,30.08,26.17,25.68,24.22,22.27,20.80
150393,30.08,26.17,25.68,24.71,22.27,20.80
151400,30.08,26.17,25.68,24.22,21.78,20.80
152407,30.08,26.17,25.68,24.71,22.27,20.80
153414,29.59,25.68,25.20,24.71,25.20,21.78
154421,29.59,25.68,25.20,24.71,25.20,21.78
155427,29.59,25.68,25.20,24.71,25.20,21.78
156435,29.59,26.17,25.20,24.71,25.20,21.78
157442,29.59,26.17,25.20,24.71,24.71,21.29
158448,29.59,26.17,25.20,24.71,24.71,21.78
159459,29.59,26.17,25.20,24.71,25.20,21.78
160466,29.59,26.17,25.20,24.71,24.71,21.29
161473,29.59,26.17,25.20,24.71,24.71,21.78
162480,29.59,26.17,25.20,24.71,24.71,21.78
163486,29.59,26.17,25.20,24.71,24.71,21.78
164494,29.59,26.17,25.20,24.71,24.71,21.78
165500,29.59,26.17,25.20,24.71,24.71,21.78
166507,29.59,26.17,25.20,24.71,24.71,21.78
167514,29.59,26.17,25.20,24.71,24.71,21.78
168521,29.10,26.17,25.20,24.71,24.71,21.78
169528,29.10,26.17,25.20,24.71,24.71,21.78
170534,29.10,26.17,25.20,25.20,24.71,21.78
171545,29.10,26.17,25.20,24.71,24.71,21.78
172553,29.59,26.66,25.68,24.71,22.27,20.80
173559,29.59,26.66,25.68,24.71,22.27,20.80
174566,29.59,26.66,25.68,24.22,22.27,20.80
175572,29.59,26.66,25.68,24.22,21.78,20.80
176580,29.59,26.66,25.68,24.71,22.27,20.80
177587,29.59,26.66,25.68,24.22,22.27,20.80
178593,29.59,26.66,25.68,24.22,22.27,20.80
179600,29.59,26.66,25.68,24.22,22.27,20.80
180608,29.59,26.66,26.17,24.71,22.27,20.80
181614,30.08,26.66,25.68,24.22,21.78,20.80
182625,30.08,26.66,25.68,24.22,22.27,20.80
183631,30.08,26.66,25.68,24.71,22.27,20.80
184639,30.08,26.66,25.68,24.22,22.27,20.80
185646,30.08,26.66,25.68,24.22,21.78,20.31
186652,30.08,26.66,25.68,24.22,22.27,20.80
187659,30.08,26.66,25.68,24.22,22.27,20.80
188666,30.08,26.66,25.68,24.22,22.27,20.80
189673,30.08,26.66,25.68,24.71,22.27,20.80
190680,30.08,26.66,26.17,24.22,21.78,20.80
191686,30.08,26.17,25.68,24.71,24.71,21.78
192694,29.59,26.17,25.68,24.71,24.71,21.78
193700,30.08,26.17,25.68,24.71,24.71,21.78
194711,30.08,26.17,25.68,24.71,24.71,21.78
195718,30.08,26.17,25.68,24.71,24.71,21.78
196725,30.08,26.17,25.68,24.71,24.71,21.78
197732,30.08,26.17,25.68,24.71,24.71,21.78
198738,30.08,26.17,25.68,24.71,24.71,21.78
199745,29.59,26.17,25.68,24.71,24.71,21.29
200753,30.08,26.17,25.68,24.71,24.71,21.78
201759,29.59,26.17,25.68,24.71,24.71,21.78
202766,29.59,26.17,25.68,24.71,24.71,21.78
203773,29.59,26.17,25.68,24.71,24.71,21.78
204780,29.59,26.17,25.68,24.71,24.71,21.78
205791,29.59,26.17,25.68,24.71,24.71,21.29
206797,29.59,26.17,25.68,24.71,24.71,21.78
207805,29.59,26.17,25.68,24.71,24.71,21.78
208812,29.59,26.17,25.68,24.71,24.71,21.78
209818,29.59,26.17,25.68,24.71,24.71,21.78
210825,30.08,26.66,26.17,24.71,22.27,20.80
211832,30.08,26.66,26.17,24.22,22.27,20.80
212839,30.08,26.66,25.68,24.22,22.27,20.80
213846,29.59,26.66,26.17,24.22,21.78,20.80
214852,30.08,26.66,26.17,24.71,22.27,20.80
215860,30.08,26.66,26.17,24.71,22.27,20.80
216866,30.08,26.66,26.17,24.22,22.27,20.80
217877,30.08,26.66,26.17,24.22,22.27,20.80
218884,30.08,26.66,25.68,24.22,21.78,20.80
219891,30.08,26.66,26.17,24.71,22.27,20.80
220898,30.08,26.66,25.68,24.22,21.78,20.80
221904,30.08,26.66,26.17,24.71,22.27,20.80
222911,30.08,26.66,26.17,24.22,22.27,20.80
223919,30.57,26.66,26.17,24.22,21.78,20.80
224925,30.57,26.66,26.17,24.71,22.27,20.80
225932,30.57,26.66,26.17,24.22,22.27,20.31
226938,30.57,26.66,26.17,24.22,22.27,20.80
227946,30.57,26.66,26.17,24.71,21.78,20.80
228953,30.57,26.66,25.68,24.22,22.27,20.80
229963,30.08,26.17,25.68,25.20,24.71,21.78
230970,30.57,26.66,25.68,25.20,24.71,21.78
231977,30.57,26.17,25.68,24.71,24.71,21.78
232984,30.57,26.17,25.68,25.20,25.20,21.78
233991,30.57,26.66,25.68,25.20,24.71,21.78
234997,30.57,26.66,25.68,25.20,24.71,21.78
236005,30.57,26.66,25.68,25.20,24.71,21.78
237011,30.57,26.66,25.68,25.20,24.71,21.78
238018,30.57,26.66,25.68,25.20,24.71,21.78
239025,30.57,26.66,25.68,25.20,24.71,21.78
240032,30.08,26.66,25.68,25.20,25.20,21.78
241043,30.08,26.66,25.68,25.20,24.71,21.78
242050,30.08,26.66,25.68,25.20,25.20,21.78
243056,30.08,26.66,25.68,25.20,24.71,21.78
244064,30.08,26.66,25.68,24.71,25.20,21.78
245070,30.08,26.66,25.68,25.20,24.71,21.78
246077,30.08,26.66,25.68,25.20,24.71,21.78
247084,30.08,26.66,25.68,25.20,24.71,21.78
248091,30.08,26.66,25.68,25.20,25.20,21.78
249098,30.57,27.15,26.17,24.71,21.78,20.80
250104,30.57,27.15,26.17,24.71,22.27,20.80
251111,30.08,27.15,26.17,24.71,22.27,20.80
252119,30.57,27.15,26.17,24.71,22.27,20.80
253129,30.57,27.15,26.17,24.22,21.78,20.80
254136,30.57,27.15,26.17,24.71,22.27,20.80
255142,30.57,27.15,26.17,24.71,22.27,20.80
256150,30.57,27.15,26.17,24.71,22.27,20.80
257157,30.57,27.15,26.17,24.71,22.27,20.80
258163,30.57,27.15,26.17,24.71,22.27,20.80
259171,30.57,27.15,26.17,24.71,21.78,20.31
260177,31.05,27.15,26.17,24.71,22.27,20.80
261184,31.05,27.15,26.17,24.71,22.27,21.29
262191,30.57,27.15,26.17,24.71,22.27,20.80
263198,31.05,27.15,26.17,24.71,22.27,20.80
264205,31.05,27.15,26.17,24.71,22.27,20.31
265216,31.05,27.15,26.17,24.71,22.27,20.80
266222,31.05,27.15,26.17,24.71,22.27,20.80
267230,31.05,27.15,26.66,24.71,22.27,20.80
268236,30.57,26.66,26.17,25.20,25.20,21.78
269243,30.57,26.66,26.17,25.20,25.20,21.78
270249,30.57,26.66,26.17,25.20,25.20,21.78
271257,30.57,26.66,25.68,25.20,25.20,21.78
272264,30.57,26.66,26.17,25.20,25.20,21.78
273270,31.05,26.66,26.17,25.20,25.20,21.78
274277,31.05,26.66,26.17,25.20,25.20,21.78
275284,30.57,27.15,26.17,25.20,25.20,21.78
276295,30.57,27.15,26.17,25.20,25.20,21.78
277302,30.57,26.66,26.17,25.20,25.20,21.29
278308,30.57,27.15,26.17,25.20,25.20,21.78
279316,30.57,27.15,26.17,25.20,25.20,21.78
280323,30.57,27.15,26.17,25.20,25.20,21.78
281329,30.57,27.15,26.17,25.20,25.20,21.78
282336,30.57,27.15,26.17,25.20,25.20,21.78
283343,30.57,27.15,26.17,25.20,25.20,21.78
284350,30.57,27.15,26.17,25.20,25.20,21.78
285357,30.57,27.15,26.17,25.20,25.20,21.78
286363,30.08,27.15,26.17,25.68,25.20,21.78
287371,30.57,27.64,26.66,24.71,22.27,20.80
288381,30.57,27.64,26.66,24.71,22.27,20.80
289388,30.57,27.64,26.66,24.71,22.27,20.80
290396,30.57,27.64,26.66,24.71,22.27,20.80
291402,30.57,27.64,26.66,24.71,22.27,20.31
292409,30.57,27.64,26.66,24.71,22.27,20.80
293415,30.57,27.64,26.66,24.71,22.75,20.31
294423,30.57,27.64,26.66,24.71,22.27,20.80
295430,31.05,27.64,26.66,24.71,22.27,20.80
296436,31.05,27.64,26.66,24.71,22.75,20.80
297443,31.05,27.64,26.66,24.71,22.27,20.31
298450,31.05,27.64,26.66,24.71,22.27,20.80
299457,31.05,27.64,26.66,24.71,22.75,20.80
300468,31.05,27.64,26.66,24.71,22.27,20.31
301474,31.05,27.64,26.66,24.71,22.75,20.80
302482,31.54,27.64,26.66,24.71,22.75,20.80
303489,31.54,27.64,26.66,24.71,22.27,20.31
304495,31.54,27.64,26.66,24.71,22.27,20.80
305502,31.54,27.64,26.66,24.71,22.27,20.80
306509,31.05,27.15,26.17,25.20,25.20,21.29
307516,31.05,27.15,26.17,25.68,25.20,21.78
308523,31.05,27.15,26.17,25.20,25.20,21.78
309529,31.05,27.15,26.17,25.68,25.20,21.78
310537,31.05,27.15,26.17,25.68,25.20,21.78
311547,31.05,27.15,26.17,25.20,25.20,21.78
312554,31.05,27.15,26.17,25.68,25.20,21.78
313561,31.05,27.15,26.17,25.20,25.20,21.78
314568,31.05,27.15,26.17,25.68,25.20,21.78
315575,31.05,27.15,26.17,25.20,25.20,21.78
316581,31.05,27.15,26.17,25.68,25.20,21.78
317588,31.05,27.15,26.17,25.20,25.20,21.78
318596,31.05,27.15,26.17,25.68,25.20,21.78
319602,31.05,27.15,26.17,25.68,25.20,21.78
320609,30.57,27.15,26.17,25.68,25.20,21.29
321615,30.57,27.15,26.17,25.68,25.20,21.78
322623,30.57,27.15,26.17,25.68,25.20,21.78
323634,30.57,27.15,26.17,25.68,25.20,21.78
324640,30.57,27.15,26.17,25.68,25.20,21.78
325647,31.05,27.64,26.66,25.20,22.27,20.80
326654,31.05,27.64,26.66,25.20,22.27,20.80
327661,31.05,27.64,26.66,25.20,22.75,20.80
328668,31.05,27.64,26.66,24.71,22.75,20.80
329674,31.05,27.64,26.66,25.20,22.75,20.80
330682,31.05,27.64,26.66,25.20,22.75,20.80
331688,31.05,27.64,26.66,25.20,22.75,20.80
332695,31.05,27.64,26.66,24.71,22.27,20.80
333702,31.05,27.64,26.66,25.20,22.27,20.80
334712,31.05,27.64,26.66,24.71,22.27,20.31
335720,31.54,27.64,26.66,25.20,22.75,20.80
336727,31.54,27.64,26.66,25.20,22.27,20.31
337733,31.54,27.64,26.66,25.20,22.75,20.80
338740,31.54,27.64,26.66,24.71,22.27,20.31
339747,31.54,27.64,26.66,25.20,22.75,20.31
340754,31.54,27.64,26.66,25.20,22.75,20.31
341761,31.54,27.64,26.66,24.71,22.27,20.31
342768,31.54,27.64,27.15,25.20,22.75,20.31
343775,31.54,27.64,27.15,25.20,22.27,20.31
344781,31.05,27.64,26.66,25.68,25.20,21.78
345788,31.54,27.64,26.66,25.68,25.20,21.78
346800,31.54,27.64,26.17,25.68,25.68,21.78
347806,31.54,27.64,26.66,25.68,25.20,21.78
348813,31.54,27.64,26.66,25.68,25.20,21.78
349819,31.54,27.64,26.66,25.68,25.20,21.78
350827,31.05,27.15,26.17,25.68,25.20,21.78
351834,31.54,27.64,26.66,25.68,25.20,21.78
352840,31.54,27.64,26.66,25.68,25.20,21.78
353847,31.05,27.64,26.66,25.68,25.20,21.78
354854,31.05,27.64,26.66,25.68,25.68,21.78
355861,31.05,27.64,26.66,25.68,25.20,21.78
356868,31.05,27.15,26.66,25.68,25.20,21.78
357874,31.05,27.64,26.66,25.68,25.20,21.78
358886,31.05,27.64,26.66,25.68,25.20,21.78
359892,31.05,27.64,26.66,25.68,25.20,21.78
360899,31.05,27.64,26.66,25.68,25.20,21.78
361906,31.05,27.64,26.66,25.68,25.20,21.78
362913,30.57,27.64,26.66,25.68,25.20,21.78
363920,31.54,28.12,27.15,25.20,22.75,20.80
364926,31.54,28.12,27.15,25.20,22.75,20.31
365933,31.54,28.12,27.15,25.20,22.75,20.80
366941,31.05,28.12,27.15,25.20,22.27,20.31
367947,31.05,28.12,27.15,25.20,22.75,20.80
368954,31.05,28.12,26.66,25.20,22.75,20.31
369965,31.54,28.12,26.66,25.20,22.75,20.80
370972,31.54,28.12,27.15,25.20,22.75,20.80
371979,31.54,28.12,27.15,25.20,22.75,20.80
372985,31.54,28.12,27.15,25.20,22.75,20.31
373992,31.54,28.12,27.15,25.20,22.27,20.31
375000,31.54,28.12,27.15,25.20,22.75,20.80
376006,31.54,28.12,26.66,25.20,22.75,20.31
377013,31.54,28.12,27.15,25.20,22.75,20.80
378019,31.54,28.12,27.15,25.20,22.75,20.80
379027,32.03,28.12,27.15,25.20,22.75,20.31
380034,32.03,28.12,27.15,24.71,22.75,20.80
381040,32.03,28.12,27.15,25.20,22.75,20.80
382051,32.03,28.12,27.15,25.20,22.75,20.80
383057,31.54,27.64,26.66,25.68,25.20,21.29
384065,31.54,27.64,26.66,25.68,25.68,21.78
385072,31.54,27.64,26.66,25.68,25.68,21.78
386078,31.54,27.64,26.66,25.68,25.68,21.78
387086,31.54,27.64,26.66,25.68,25.68,21.78
388092,31.54,27.64,26.66,25.68,25.68,21.78
389099,31.54,27.64,26.66,25.68,25.68,21.78
390106,31.54,27.64,26.66,25.68,25.20,21.78
391113,31.54,27.64,26.66,25.68,25.68,21.78
392120,31.54,27.64,26.66,25.68,25.68,21.78
393126,31.54,27.64,26.66,25.68,25.68,21.29
394137,31.54,27.64,26.66,25.68,25.68,21.78
395144,31.05,27.64,26.66,25.68,25.68,21.78
396151,31.05,27.64,26.66,25.68,25.68,21.78
397158,31.05,27.64,26.66,25.68,25.68,21.29
398164,30.57,27.15,26.17,25.68,25.68,21.78
399171,31.05,27.64,26.66,25.68,25.68,21.78
400179,31.05,27.64,26.66,25.68,25.68,21.78
401185,31.05,27.64,26.66,25.68,25.68,21.78
402192,31.54,28.12,27.15,25.20,22.75,20.80
403198,31.54,28.12,27.15,25.20,22.75,20.31
404206,31.54,28.12,27.15,25.20,22.75,20.31
405217,31.54,28.12,27.15,25.20,22.27,20.31
406223,31.05,28.12,27.15,25.20,22.75,20.80
407230,31.54,28.12,27.15,25.20,22.75,20.31
408238,31.54,28.12,27.15,25.20,22.75,20.31
409244,31.54,28.12,27.15,25.20,22.75,20.80
410251,31.54,28.12,27.15,25.20,22.75,20.31
411257,31.54,28.12,27.15,25.20,22.75,20.80
412265,31.54,28.12,27.15,25.20,23.24,20.80
413272,31.54,28.12,27.15,25.20,22.75,20.80
414278,31.54,28.12,27.15,25.20,22.75,20.31
415285,31.54,28.12,27.15,25.20,22.75,20.31
416292,31.54,28.12,27.15,25.20,22.75,20.80
417303,31.54,28.12,27.15,25.20,22.75,20.80
418310,32.03,28.12,27.15,25.20,22.75,20.31
419316,32.03,28.12,27.15,25.68,22.75,20.80
420324,32.03,28.12,27.15,25.20,23.24,20.80
421330,31.54,27.64,26.66,25.68,25.68,21.78
422337,31.54,27.64,26.66,26.17,25.68,21.78
423344,31.54,27.64,26.66,26.17,25.68,21.78
424351,31.54,27.64,26.66,25.68,25.68,21.78
425358,31.54,27.64,26.66,26.17,25.68,21.78
426364,31.54,27.64,26.66,26.17,25.68,21.78
427371,31.54,27.64,26.66,26.17,25.68,21.78
428379,31.54,27.64,26.66,26.17,25.68,21.78
429389,31.54,27.64,26.66,26.17,25.68,21.78
430396,31.54,27.64,26.66,26.17,25.68,21.29
431403,31.54,27.64,27.15,26.17,25.68,21.78
432410,31.54,27.64,26.66,26.17,25.68,21.78
433417,31.54,27.64,26.66,26.17,25.68,21.29
434423,31.54,27.64,26.66,26.17,25.68,21.78
435430,31.54,28.12,27.15,26.17,25.68,21.78
436438,31.54,28.12,26.66,26.17,25.68,21.29
437444,31.05,27.64,26.66,26.17,25.68,21.78
438451,31.54,28.12,26.66,25.68,25.68,21.78
439457,31.05,28.12,27.15,26.17,25.68,21.78
440469,31.54,28.12,27.15,25.68,22.75,20.31
441476,31.54,28.12,27.64,25.68,23.24,20.80
442482,31.54,28.12,27.15,25.68,23.24,20.80
443489,31.54,28.61,27.64,25.68,23.24,20.31
444496,31.54,28.12,27.64,25.68,23.24,20.80
445503,31.54,28.61,27.15,25.68,23.24,20.80
446510,31.54,28.12,27.64,25.68,23.24,20.80
447516,32.03,28.12,27.15,25.20,22.27,18.85
448524,32.03,28.12,27.15,25.68,22.75,20.31
449530,32.03,28.12,27.15,25.68,23.24,20.80
450537,32.03,28.12,27.15,25.68,23.24,20.31
451545,32.03,28.12,27.64,25.68,23.24,20.80
452555,32.03,28.12,27.64,25.68,23.24,20.80
453562,32.03,28.61,27.15,25.68,22.75,20.31
454568,32.03,28.61,27.64,25.68,23.24,20.31
455576,32.52,28.61,27.15,25.68,22.75,20.31
456583,32.52,28.12,27.64,25.68,22.75,20.31
457589,32.52,28.12,27.64,25.68,23.24,20.31
458596,32.52,28.61,27.64,25.68,22.75,20.31
459603,32.03,28.12,27.15,26.17,26.17,21.78
460610,32.03,28.12,27.15,26.17,26.17,21.78
461617,32.03,28.12,27.15,26.17,26.17,21.78
462623,32.03,28.12,27.15,25.68,25.20,21.29
463635,32.03,28.12,27.15,26.17,25.68,21.29
464642,32.03,28.12,27.15,26.17,26.17,21.78
465648,32.03,28.12,27.15,25.68,25.68,21.29
466655,32.03,28.12,27.15,26.17,26.17,21.78
467662,32.03,28.12,27.15,26.17,25.68,21.78
468669,32.03,28.12,27.15,26.17,26.17,21.78
469676,31.54,28.12,27.15,26.17,26.17,21.78
470683,31.54,28.12,26.66,26.17,25.68,21.78
471690,31.54,27.64,27.15,26.17,25.68,21.78
472696,31.54,28.12,27.15,26.17,26.17,21.78
473703,31.54,28.12,27.15,26.17,26.17,21.78
474711,31.54,28.12,27.15,26.17,26.17,21.78
475721,31.54,28.12,27.15,26.17,26.17,21.78
476728,31.54,28.12,27.15,26.17,26.17,21.78
477734,31.54,28.12,27.15,26.17,26.17,21.78
478742,32.03,28.61,27.64,25.68,23.24,20.80
479749,32.03,28.61,27.64,25.68,23.24,20.80
480755,32.03,28.61,27.64,25.68,23.24,20.80
481762,32.03,28.61,27.64,25.68,23.24,20.31
482769,32.03,28.61,27.64,25.68,23.24,20.31
483776,32.03,28.61,27.64,25.68,23.24,20.31
484783,32.03,28.61,27.64,25.68,23.24,20.80
485789,32.03,28.61,27.64,25.68,23.24,20.80
486797,32.03,28.61,27.64,25.68,22.75,20.31
487808,32.03,28.61,27.64,25.68,23.24,20.31
488814,32.03,28.61,27.64,25.68,23.24,20.80
489821,32.52,28.61,27.64,25.68,23.24,20.80
490828,32.52,28.61,27.64,26.17,23.24,20.80
491835,32.52,28.61,27.64,25.68,23.24,20.80
492841,32.52,28.61,27.64,25.68,23.24,20.31
493848,32.52,28.61,27.64,25.68,23.24,20.31
494856,32.52,28.61,27.64,25.68,23.73,20.80
495862,32.52,28.61,27.64,25.68,23.24,20.31
496869,33.01,28.61,27.64,26.17,23.73,20.80
497875,32.52,28.12,27.15,26.17,26.17,21.78
498887,32.52,28.12,27.15,26.66,26.17,21.78
499894,32.52,28.12,27.15,26.17,26.17,22.27
500900,32.52,28.12,27.15,26.66,26.17,21.78
501908,32.52,28.12,27.15,26.66,26.17,21.78
502915,32.52,28.12,27.15,26.66,26.17,21.78
503921,32.52,28.12,27.15,26.66,26.17,21.78
504928,32.52,28.12,27.15,26.17,26.17,21.78
505935,32.52,28.12,27.64,26.66,26.17,21.78
506942,32.52,28.12,27.15,26.66,26.17,21.29
507949,32.03,28.12,27.64,26.66,26.17,21.78
508955,32.03,28.12,27.64,26.66,26.17,21.78
509963,32.03,28.61,27.15,26.66,26.17,21.78
510973,32.03,28.61,27.64,26.66,26.17,21.78
511980,32.03,28.61,27.15,26.66,26.17,21.78
512987,32.03,28.61,27.64,26.66,26.17,21.78
513994,32.03,28.61,27.15,26.66,26.17,21.78
515001,32.03,28.61,27.15,26.66,26.17,21.78
516007,32.03,28.61,27.64,26.66,26.17,21.78
517014,32.52,29.10,27.64,26.17,23.24,20.80
518022,32.03,29.10,27.64,25.68,23.24,20.31
519028,32.03,28.61,27.64,26.17,23.24,20.31
520035,32.03,28.61,27.64,26.17,23.73,20.31
521041,32.52,28.61,28.12,26.17,23.24,20.31
522049,32.03,28.61,27.64,26.17,23.73,20.31
523060,32.52,28.61,27.64,26.17,23.24,20.31
524066,32.52,28.61,27.64,26.17,23.73,20.31
525073,32.52,29.10,27.64,26.17,23.24,20.80
526081,32.52,28.61,28.12,26.17,23.73,20.80
527087,32.03,29.10,28.12,26.17,23.24,20.31
528094,32.52,28.61,27.64,26.17,23.73,20.31
529101,32.52,28.61,28.12,26.17,23.73,20.31
530108,32.52,29.10,27.64,26.17,23.73,20.31
531115,33.01,29.10,28.12,26.17,23.73,20.31
532121,33.01,28.61,28.12,26.17,23.24,20.31
533129,33.01,29.10,28.12,26.17,23.24,20.31
534139,33.01,28.61,28.12,26.17,23.73,20.80
535146,33.01,29.10,28.12,26.17,23.73,20.80
536153,32.52,28.61,27.64,26.66,26.17,21.78
537160,32.52,28.61,27.64,26.66,26.17,21.78
538167,32.52,28.61,27.64,26.66,26.66,21.78
539173,32.52,28.61,27.64,26.66,26.66,21.78
540180,32.52,28.61,27.64,26.66,26.66,21.78
541188,32.52,28.61,27.64,26.66,26.66,21.78
542194,32.52,28.61,27.64,26.66,26.17,21.29
543201,32.52,28.61,27.64,26.66,26.66,21.78
544207,32.52,28.61,27.64,26.66,26.17,21.78
545215,32.52,28.61,27.64,26.66,26.66,21.78
546226,32.52,28.61,27.64,26.66,26.17,21.29
547232,32.52,28.61,27.64,26.66,26.66,21.78
548239,32.03,28.61,27.64,26.66,26.17,21.78
549246,32.03,28.61,27.64,26.66,26.66,21.78
550253,32.03,28.61,27.64,26.66,26.66,21.78
551260,32.03,28.61,27.64,26.66,26.17,21.78
552266,32.03,28.61,27.64,26.66,26.17,21.78
553274,32.03,28.61,27.64,26.66,26.66,21.78
554280,32.03,28.61,27.64,26.66,26.17,21.29
555287,32.52,29.10,28.12,26.17,23.73,20.80
556295,32.52,29.10,28.12,26.17,23.73,20.31
557301,32.52,29.10,28.12,26.17,23.73,20.31
558312,32.52,29.10,28.12,26.17,23.73,20.31
559319,32.52,29.10,28.12,26.17,23.73,20.31
560326,32.52,29.10,28.12,26.17,23.73,20.31
561333,32.52,29.10,28.12,26.17,23.73,20.31
562339,32.52,29.10,28.12,26.17,23.73,20.31
563346,32.52,29.10,27.64,26.17,23.73,20.31
564354,32.52,29.10,28.12,26.17,23.73,20.31
565360,32.52,29.10,28.12,26.17,23.73,20.31
566367,33.01,29.10,28.12,26.17,24.22,20.31
567374,33.01,29.10,28.12,26.17,23.73,20.31
568381,33.01,29.10,28.12,26.17,23.73,20.31
569392,33.01,29.10,28.12,26.17,23.73,20.31
570398,33.01,29.10,28.12,26.17,23.73,20.31
571406,33.01,29.10,28.12,26.17,23.73,20.31
572412,33.01,29.10,28.12,26.17,23.73,20.31
573419,33.01,29.10,28.12,26.17,23.73,20.31
574426,33.01,28.61,27.64,27.15,26.66,21.29
575433,33.01,28.61,27.64,26.66,26.66,21.29
576440,33.01,28.61,27.64,26.66,26.66,21.29
577446,33.01,28.61,27.64,26.66,26.66,21.78
578453,33.01,28.61,27.64,26.66,26.66,21.78
579461,33.01,28.61,27.64,26.66,26.66,21.78
580467,32.52,28.61,27.64,26.66,26.66,21.78
581478,33.01,28.61,27.64,26.66,26.66,21.78
582484,33.01,28.61,27.64,26.66,26.66,21.29
583492,32.52,28.61,27.64,26.66,26.66,21.78
584499,32.52,28.61,27.64,27.15,26.66,21.29
585505,32.52,28.61,27.64,27.15,26.66,21.78
586512,32.52,28.61,27.64,27.15,26.66,21.29
587520,32.52,28.61,27.64,27.15,26.66,21.29
588526,32.52,28.61,27.64,26.66,26.66,21.29
589533,32.52,28.61,27.64,27.15,26.66,21.78
590540,32.52,29.10,27.64,27.15,26.66,21.78
591547,32.52,28.61,28.12,26.66,26.66,21.78
592558,32.52,28.61,27.64,26.66,26.66,21.78
593564,33.01,29.10,28.12,26.17,23.24,20.31
594572,33.01,29.10,28.12,26.17,23.73,20.31
595578,32.52,29.10,28.12,26.17,23.73,20.31
596585,32.52,29.10,28.12,26.66,23.73,20.31
597592,32.52,29.10,28.12,26.17,24.22,20.31
598599,32.52,29.10,28.12,26.66,24.22,20.31
599606,33.01,29.10,28.12,26.17,23.73,20.31
600612,33.01,29.10,28.12,26.17,23.73,20.31
